0
7168000
17408000
32768000
53760000
74240000
106496000
153088000
195072000
248320000
310272000
359424000
413696000
482816000
515584000
589312000
642560000
683008000
753152000
796160000
851968000
939008000
998912000
1032192000
1075712000
1103872000
1207296000
1263616000
1325056000
1371648000
1427968000
1472512000
1556480000
1609216000
1650688000
1707520000
1777152000
1831936000
1884672000
1936896000
2024960000
2112512000
2210304000
2295296000
2355200000
2406912000
2469376000
2548224000
2606080000
2676224000
2723840000
2788864000
2843648000
2907648000
2974720000
3010048000
3078656000
3139584000
3191808000
3253760000
3319808000
3377664000
3436032000
3496960000
3558400000
3640320000
3701760000
3751424000
3799040000
3866112000
3928064000
3999232000
4056064000
4117504000
4168704000
4228608000
4269568000
4326400000
4371968000
4422656000
4466176000
4506624000
4541440000
4588544000
4648960000
4723712000
4799488000
4872192000
4918272000
4972032000
5037568000
5080064000
5146624000
5193728000
5288448000
5355520000
5403648000
5476352000
5551104000
5655552000
5725696000
5788672000
5873664000
5925376000
5985280000
6070784000
6132736000
6206464000
6255104000
6339584000
6399488000
6476800000
6534144000
6598144000
6666240000
6754304000
6820352000
6864896000
6916096000
6964736000
7037952000
7125504000
7162880000
7214592000
7270400000
7323648000
7373824000
7426048000
7506944000
7569920000
7604224000
7659520000
7722496000
7773184000
7839232000
7923712000
7972352000
8037888000
8098304000
8183296000
8245760000
8297472000
8363008000
8442368000
8503808000
8565248000
8607232000
8678912000
8757760000
8806400000
8873472000
8945664000
9031680000
9081344000
9171968000
9235968000
9288704000
9322496000
9356288000
9425920000
9482240000
9550848000
9641472000
9669632000
9723392000
9782784000
9835008000
9901568000
9952768000
10019328000
10066944000
10122240000
10173440000
10234880000
10292736000
10357248000
10419712000
10480128000
10526720000
10599424000
10646528000
10719744000
10764800000
10841600000
10900480000
10955264000
11030016000
11089920000
11176448000
11225088000
11295232000
11360256000
11433984000
11467776000
11506688000
11565568000
11633664000
11693568000
11747840000
11826688000
11864576000
11897344000
11946496000
12023808000
12072960000
12152832000
12216320000
12317696000
12376576000
12408832000
12506624000
12558848000
12609536000
12694016000
12746752000
12818944000
12875264000
12946944000
13004288000
13064192000
13126656000
13172736000
13266944000
13335552000
13385728000
13464064000
13507072000
13564416000
13641728000
13702656000
13766656000
13824000000
13922304000
13998080000
14061568000
14116352000
14175744000
14227456000
14282240000
14336512000
14387712000
14478336000
14513152000
14558720000
14611456000
14675968000
14726144000
14800896000
14860288000
14959616000
15015936000
15062016000
15127552000
15206400000
15265280000
15318016000
15349248000
15420416000
15473664000
15570944000
15629824000
15682560000
15748608000
15803392000
15854080000
15898112000
15942144000
16004096000
16091648000
16139776000
16181760000
16269824000
16307200000
16387584000
16457728000
16518656000
16600576000
16659456000
16714240000
16781312000
16857600000
16894976000
16944128000
16991232000
17029632000
17075712000
17146880000
17206272000
17273344000
17335808000
17404416000
17451008000
17515008000
17588224000
17637888000
17686016000
17747968000
17820672000
17880576000
17952768000
18009088000
18062848000
18144768000
18211328000
18231808000
18293248000
18311680000
18351104000
18385408000
18391040000
18407424000
18412544000
18414592000
18420224000
0
0
0
0
0
0
0
0
0
0
0
0
0
0
0
0
0
0
0
0
0
0
0
0
0
0
0
0
0
0
0
0
0
0
0
0
0
0
0
0
0
0
0
0
0
0
0
0
0
0
0
0
0
0
0
0
0
0
0
0
0
0
0
0
0
0
0
0
0
0
0
0
0
0
0
0
0
0
0
0
0
0
0
0
0
0
0
0
0
0
0
0
0
0
0
0
0
0
0
0
0
0
0
0
0
0
0
0
0
0
0
0
0
0
0
0
0
0
0
0
0
0
0
0
0
0
0
0
0
0
0
0
0
0
0
0
0
0
0
0
0
0
0
0
0
0
0
0
0
0
0
0
0
0
0
0
0
0
0
0
0
0
0
0
0
0
0
0
0
0
0
0
0
0
0
0
0
0
0
0
0
0
0
0
0
0
0
0
0
0
0
0
0
0
0
0
0
0
0
0
0
0
0
0
0
0
0
0
0
0
0
0
0
0
0
0
0
0
0
0
0
0
0
0
0
0
0
0
0
0
0
0
0
0
0
0
0
0
0
0
0
0
0
0
0
0
0
0
0
0
0
0
0
0
0
0
0
0
0
0
0
0
0
0
0
0
0
0
0
0
0
0
0
0
0
0
0
0
0
0
0
0
0
0
0
0
0
0
0
0
0
0
0
0
0
0
0
0
0
0
0
0
0
0
0
0
0
0
0
0
0
0
0
0
0
0
0
0
0
0
0
0
0
0
0
0
0
0
0
0
0
0
0
0
0
0
0
0
0
0
0
0
0
0
0
0
0
0
0
0
0
0
0
0
0
0
0
0
0
0
0
0
0
0
0
0
0
0
0
0
0
0
0
0
0
0
0
0
0
0
0
0
0
0
0
0
0
0
0
0
0
0
0
0
0
0
0
0
0
0
0
0
0
0
0
0
0
0
0
0
0
0
0
0
0
0
0
0
0
0
0
0
0
0
0
0
0
0
0
0
0
0
0
0
0
0
0
0
0
0
0
0
0
0
0
0
0
0
0
0
0
0
0
0
0
0
0
0
0
0
0
0
0
0
0
0
0
0
0
0
0
0
0
0
0
0
0
0
0
0
0
0
0
