0
31232000
95232000
197632000
367616000
551424000
805376000
1041408000
1276928000
1556992000
1793536000
2047488000
2323456000
2578432000
2839040000
3076096000
3295232000
3509248000
3754496000
4014592000
4275200000
4540928000
4775424000
5033472000
5308928000
5586432000
5799424000
6055424000
6332928000
6560768000
6790656000
7016960000
7320576000
7592960000
7875072000
8141824000
8412160000
8665600000
8898048000
9137664000
9403904000
9695232000
9958400000
10239488000
10502656000
10742272000
10950144000
11240448000
11502592000
11827712000
12094976000
12393472000
12656640000
12912640000
13164032000
13421568000
13679104000
13936128000
14169088000
14406144000
14668800000
14924800000
15209984000
15475200000
15736320000
15968768000
16232960000
16483840000
16703488000
16975872000
17235968000
17498112000
17787904000
18097664000
18347008000
18551296000
18815488000
19076096000
19339776000
19616256000
19898880000
20211712000
20438528000
20685312000
20946944000
21164032000
21406208000
21700096000
21988352000
22251008000
22480896000
22830080000
23111680000
23340544000
23617024000
23876096000
24138240000
24368128000
24613888000
24888832000
25142272000
25422336000
25657344000
25900032000
26138624000
26386944000
26664960000
26927616000
27193344000
27494400000
27788288000
28038144000
28297728000
28532224000
28754944000
29020160000
29285376000
29523456000
29780480000
30065664000
30301184000
30530048000
30761472000
31047680000
31345152000
31602176000
31862272000
32158208000
32429568000
32692224000
32985600000
33233408000
33456128000
33703936000
33944576000
34222080000
34466304000
34710528000
34988544000
35264512000
35558912000
35807744000
36075520000
36329984000
36618240000
36893184000
37122560000
37377024000
37649408000
37919744000
38177792000
38453760000
38735872000
38994944000
39230976000
39484928000
39714816000
39997952000
40287744000
40552448000
40827392000
41069568000
41320448000
41583104000
41873408000
42174464000
42415104000
42634240000
42894336000
43143680000
43408896000
43683840000
43911168000
44134912000
44372480000
44651008000
44896768000
45168640000
45404160000
45660160000
45947392000
46245888000
46512128000
46796800000
47043584000
47298048000
47557632000
47817728000
48113664000
48361472000
48611328000
48894464000
49164288000
49433088000
49693696000
49932800000
50187264000
50423296000
50677248000
50934784000
51181056000
51446272000
51665408000
51930624000
52186624000
52413440000
52678144000
52947456000
53237248000
53495296000
53765120000
54027264000
54297600000
54547968000
54810624000
55124480000
55373824000
55602688000
55851520000
56158720000
56449536000
56717312000
57006592000
57249280000
57515520000
57831424000
58115072000
58412544000
58633728000
58896384000
59184640000
59457024000
59699200000
59922944000
60186624000
60455424000
60685824000
60929536000
61149184000
61398528000
61639168000
61886464000
62175744000
62458368000
62734336000
62982144000
63202304000
63477760000
63736320000
63991296000
64240128000
64486912000
64741376000
64975872000
65247232000
65539584000
65809408000
66075648000
66340864000
66613248000
66887168000
67151360000
67418112000
67728384000
67995648000
68284416000
68524544000
68774912000
69054976000
69290496000
69572096000
69831168000
70089728000
70366208000
70654464000
70899200000
71163392000
71432704000
71671808000
71874048000
72137216000
72425472000
72658944000
72878592000
73115136000
73372160000
73605632000
73860096000
74133504000
74351104000
74616832000
74889216000
75123200000
75421184000
75675648000
75990528000
76229120000
76514816000
76777984000
77022720000
77265408000
77524992000
77772800000
77944832000
78063104000
78171648000
78224896000
78258176000
78281728000
78302720000
78312448000
78320128000
78328832000
78330880000
78330880000
0
0
0
0
0
0
0
0
0
0
0
0
0
0
0
0
0
0
0
0
0
0
0
0
0
0
0
0
0
0
0
0
0
0
0
0
0
0
0
0
0
0
0
0
0
0
0
0
0
0
0
0
0
0
0
0
0
0
0
0
0
0
0
0
0
0
0
0
0
0
0
0
0
0
0
0
0
0
0
0
0
0
0
0
0
0
0
0
0
0
0
0
0
0
0
0
0
0
0
0
0
0
0
0
0
0
0
0
0
0
0
0
0
0
0
0
0
0
0
0
0
0
0
0
0
0
0
0
0
0
0
0
0
0
0
0
0
0
0
0
0
0
0
0
0
0
0
0
0
0
0
0
0
0
0
0
0
0
0
0
0
0
0
0
0
0
0
0
0
0
0
0
0
0
0
0
0
0
0
0
0
0
0
0
0
0
0
0
0
0
0
0
0
0
0
0
0
0
0
0
0
0
0
0
0
0
0
0
0
0
0
0
0
0
0
0
0
0
0
0
0
0
0
0
0
0
0
0
0
0
0
0
0
0
0
0
0
0
0
0
0
0
0
0
0
0
0
0
0
0
0
0
0
0
0
0
0
0
0
0
0
0
0
0
0
0
0
0
0
0
0
0
0
0
0
0
0
0
0
0
0
0
0
0
0
0
0
0
0
0
0
0
0
0
0
0
0
0
0
0
0
0
0
0
0
0
0
0
0
0
0
0
0
0
0
0
0
0
0
0
0
0
0
0
0
0
0
0
0
0
0
0
0
0
0
0
0
0
0
0
0
0
0
0
0
0
0
0
0
0
0
0
0
0
0
0
0
0
0
0
0
0
0
0
0
0
0
0
0
0
0
0
0
0
0
0
0
0
0
0
0
0
0
0
0
0
0
0
0
0
0
0
0
0
0
0
0
0
0
0
0
0
0
0
0
0
0
0
0
0
0
0
0
0
0
0
0
0
0
0
0
0
0
0
0
0
0
0
0
0
0
0
0
0
0
0
0
0
0
0
0
0
0
0
0
0
0
0
0
0
0
0
0
0
0
0
0
0
0
0
0
0
0
0
0
0
0
0
0
0
0
0
0
0
0
0
0
0
0
0
0
0
0
0
0
0
0
0
0
0
0
0
0
0
0
0
0
0
0
0
0
0
0
0
0
0
