0
7680000
24064000
48128000
85504000
147968000
210432000
288256000
377344000
442368000
514048000
581632000
660480000
721920000
819200000
902656000
995328000
1096704000
1184768000
1258496000
1339392000
1453056000
1585152000
1679360000
1763328000
1849344000
1966592000
2066944000
2153984000
2244608000
2323456000
2398208000
2476032000
2577408000
2668544000
2742272000
2806272000
2874880000
2965504000
3044352000
3153920000
3246592000
3336192000
3463680000
3534336000
3615744000
3717632000
3815936000
3878912000
3994112000
4091904000
4217856000
4308480000
4392960000
4492800000
4593152000
4688896000
4760576000
4850688000
4931584000
5031936000
5121536000
5218304000
5294080000
5370368000
5449728000
5554176000
5692928000
5786112000
5890560000
5973504000
6047232000
6119936000
6203392000
6283264000
6388224000
6473216000
6589952000
6720000000
6788608000
6873600000
6951936000
7046656000
7150592000
7239168000
7357440000
7436288000
7502336000
7563776000
7672320000
7741952000
7816192000
7912960000
7987200000
8067072000
8155136000
8250880000
8335872000
8413696000
8514560000
8586240000
8686592000
8799744000
8937472000
9042432000
9136128000
9265664000
9336320000
9401344000
9518080000
9600000000
9696256000
9779200000
9924096000
10007040000
10092544000
10197504000
10310144000
10406912000
10493952000
10596864000
10700800000
10767360000
10852864000
10934784000
11034112000
11139584000
11231232000
11318272000
11402240000
11494912000
11579904000
11663360000
11730432000
11815936000
11872256000
11972608000
12086272000
12201472000
12312064000
12429312000
12505600000
12611584000
12734464000
12808704000
12888576000
12983808000
13060096000
13164032000
13267456000
13334528000
13401088000
13513728000
13592064000
13680128000
13754880000
13889536000
13997056000
14105600000
14217728000
14321152000
14404608000
14470656000
14518272000
14615040000
14703616000
14785536000
14856192000
14918144000
15009792000
15089152000
15188992000
15268352000
15376384000
15465984000
15592448000
15674368000
15769088000
15854592000
15969280000
16072192000
16145920000
16243200000
16316416000
16384512000
16504320000
16622592000
16730624000
16848896000
16943616000
17026560000
17106432000
17200128000
17312256000
17435136000
17543680000
17620992000
17693184000
17751552000
17841152000
17940480000
18046976000
18137088000
18208256000
18299904000
18431488000
18504192000
18605568000
18717184000
18806784000
18879488000
18971136000
19070976000
19161088000
19266560000
19346432000
19433472000
19521024000
19602432000
19687424000
19764736000
19873280000
19972096000
20039680000
20141568000
20220928000
20313600000
20405248000
20520960000
20619264000
20719104000
20829184000
20911616000
21007872000
21090304000
21160448000
21258240000
21366784000
21451776000
21560832000
21633536000
21704704000
21788160000
21891584000
22011904000
22109696000
22188544000
22238208000
22304768000
22379008000
22489088000
22613504000
22695424000
22793216000
22867968000
22976512000
23075840000
23159296000
23263232000
23343616000
23452160000
23523328000
23605760000
23702528000
23814144000
23899648000
24011776000
24115200000
24217600000
24325120000
24401920000
24467968000
24573952000
24660480000
24754176000
24819712000
24896000000
24979456000
25107968000
25179648000
25294848000
25381376000
25426432000
25499648000
25597952000
25681408000
25776640000
25862656000
25994240000
26131456000
26206720000
26278400000
26339840000
26437120000
26520064000
26649088000
26755072000
26832896000
26915840000
27040768000
27144192000
27229696000
27299328000
27356672000
27418624000
27474944000
27516928000
27552768000
27572224000
27591168000
27612160000
27619840000
27620864000
27625472000
