0
43008000
139776000
304640000
520704000
822784000
1110528000
1392128000
1692160000
2043904000
2366464000
2676224000
3006464000
3337728000
3657216000
3957248000
4279296000
4591104000
4970496000
5323776000
5705216000
6038016000
6391808000
6721024000
7054848000
7372288000
7715328000
8015872000
8263680000
8580608000
8921600000
9290752000
9608192000
9908224000
10236928000
10558464000
10934784000
11241472000
11606016000
11945984000
12257792000
12584960000
12910080000
13279744000
13650432000
13993984000
14380544000
14744064000
15086080000
15415808000
15787008000
16100864000
16395776000
16747520000
17115648000
17446400000
17769984000
18093056000
18433024000
18780160000
19155968000
19489792000
19843072000
20188160000
20507648000
20837376000
21156864000
21486080000
21847552000
22192128000
22524416000
22866944000
23206400000
23570432000
23883776000
24199680000
24561152000
24846848000
25177088000
25510400000
25829888000
26203648000
26569728000
26901504000
27242496000
27584512000
27948544000
28292096000
28610048000
28940288000
29328384000
29664768000
29980672000
30331392000
30658560000
30974976000
31296000000
31602176000
31890432000
32208896000
32529920000
32883712000
33250816000
33566720000
33890816000
34265088000
34623488000
34951680000
35298816000
35646976000
36004352000
36330496000
36684288000
36973056000
37291520000
37610496000
37937152000
38299136000
38609920000
38962176000
39301632000
39695360000
40044032000
40383488000
40688640000
41024512000
41320960000
41644544000
41968128000
42290688000
42670592000
43051008000
43398656000
43741696000
44087808000
44430336000
44802560000
45151744000
45491712000
45859840000
46191104000
46526464000
46868480000
47204352000
47516160000
47847424000
48177664000
48480768000
48811520000
49134080000
49516032000
49831424000
50170880000
50512896000
50857984000
51199488000
51493376000
51827200000
52194304000
52566528000
52876288000
53188096000
53530624000
53862912000
54200320000
54581760000
54925312000
55268352000
55644160000
55990784000
56305664000
56602624000
56970752000
57321984000
57626112000
57949184000
58275328000
58574336000
58898944000
59229184000
59569152000
59947008000
60287488000
60610560000
60969472000
61314560000
61686784000
62036480000
62398464000
62694400000
63016960000
63348224000
63708160000
64046592000
64375296000
64741888000
65085952000
65419776000
65737728000
66088960000
66422272000
66749440000
67073024000
67400192000
67707392000
68052480000
68434432000
68775424000
69089792000
69423104000
69757440000
70076928000
70411264000
70740480000
71114752000
71480320000
71795712000
72098816000
72446464000
72819200000
73161728000
73503744000
73816064000
74146304000
74488320000
74809344000
75099136000
75444736000
75783680000
76128256000
76469760000
76860416000
77216768000
77549056000
77956096000
78322176000
78657536000
79001600000
79342592000
79689728000
80035328000
80355840000
80662016000
80992256000
81319424000
81655808000
81965056000
82310144000
82641920000
82980864000
83287040000
83587072000
83936256000
84250112000
84585984000
84941824000
85287936000
85637120000
86000640000
86329856000
86668288000
87028224000
87381504000
87703040000
88017408000
88309248000
88673280000
89030144000
89325568000
89667584000
90015744000
90347008000
90686464000
91037696000
91319808000
91668992000
91997696000
92385792000
92759552000
93106176000
93408768000
93736448000
94091264000
94418432000
94751744000
95084032000
95412224000
95759872000
96117760000
96451584000
96745472000
97075200000
97433088000
97793024000
98119168000
98439680000
98762240000
99139584000
99494912000
99857408000
100205056000
100476928000
100749824000
100950016000
101083648000
101181952000
101240832000
101289472000
101318656000
101335040000
101347328000
101358592000
101364736000
101366784000
101370368000
0
0
0
0
0
0
0
0
0
0
0
0
0
0
0
0
0
0
0
0
0
0
0
0
0
0
0
0
0
0
0
0
0
0
0
0
0
0
0
0
0
0
0
0
0
0
0
0
0
0
0
0
0
0
0
0
0
0
0
0
0
0
0
0
0
0
0
0
0
0
0
0
0
0
0
0
0
0
0
0
0
0
0
0
0
0
0
0
0
0
0
0
0
0
0
0
0
0
0
0
0
0
0
0
0
0
0
0
0
0
0
0
0
0
0
0
0
0
0
0
0
0
0
0
0
0
0
0
0
0
0
0
0
0
0
0
0
0
0
0
0
0
0
0
0
0
0
0
0
0
0
0
0
0
0
0
0
0
0
0
0
0
0
0
0
0
0
0
0
0
0
0
0
0
0
0
0
0
0
0
0
0
0
0
0
0
0
0
0
0
0
0
0
0
0
0
0
0
0
0
0
0
0
0
0
0
0
0
0
0
0
0
0
0
0
0
0
0
0
0
0
0
0
0
0
0
0
0
0
0
0
0
0
0
0
0
0
0
0
0
0
0
0
0
0
0
0
0
0
0
0
0
0
0
0
0
0
0
0
0
0
0
0
0
0
0
0
0
0
0
0
0
0
0
0
0
0
0
0
0
0
0
0
0
0
0
0
0
0
0
0
0
0
0
0
0
0
0
0
0
0
0
0
0
0
0
0
0
0
0
0
0
0
0
0
0
0
0
0
0
0
0
0
0
0
0
0
0
0
0
0
0
0
0
0
0
0
0
0
0
0
0
0
0
0
0
0
0
0
0
0
0
0
0
0
0
0
0
0
0
0
0
0
0
0
0
0
0
0
0
0
0
0
0
0
0
0
0
0
0
0
0
0
0
0
0
0
0
0
0
0
0
0
0
0
0
0
0
0
0
0
0
0
0
0
0
0
0
0
0
0
0
0
0
0
0
0
0
0
0
0
0
0
0
0
0
0
0
0
0
0
0
0
0
0
0
0
0
0
0
0
0
0
0
0
0
0
0
0
0
0
0
0
0
0
0
0
0
0
0
0
0
0
0
0
0
0
0
0
0
0
0
0
0
0
0
0
0
0
0
0
0
0
0
0
0
0
0
0
0
0
0
0
