0
14336000
41984000
113152000
208896000
341504000
458752000
610304000
759808000
925696000
1053184000
1184256000
1342976000
1526784000
1683456000
1792512000
1949696000
2100736000
2256896000
2431488000
2620928000
2780672000
2948608000
3109888000
3309568000
3437568000
3586560000
3791872000
3946496000
4119040000
4313600000
4484608000
4667392000
4824576000
4972032000
5182976000
5372416000
5513728000
5677056000
5807104000
5985792000
6159872000
6344704000
6509056000
6658560000
6850048000
6976000000
7139328000
7311872000
7492096000
7678464000
7852544000
8013824000
8195072000
8372736000
8489472000
8676352000
8840192000
9033216000
9175552000
9348096000
9513472000
9677824000
9859072000
10055168000
10220544000
10407936000
10594816000
10728448000
10857984000
11027968000
11190272000
11341312000
11507712000
11650560000
11822080000
12011008000
12198912000
12378112000
12534784000
12680704000
12846592000
13023232000
13216256000
13393920000
13576704000
13742080000
13885440000
14004736000
14160384000
14308352000
14474240000
14662144000
14814720000
14959616000
15126016000
15309312000
15500800000
15649792000
15823360000
16001024000
16193536000
16373248000
16562688000
16734208000
16907264000
17090560000
17248768000
17435648000
17618432000
17849856000
18030080000
18209280000
18350592000
18507264000
18674688000
18851328000
19004928000
19178496000
19391488000
19572224000
19744768000
19910656000
20080640000
20232192000
20387328000
20534272000
20699136000
20853760000
21005824000
21212160000
21386240000
21540352000
21671424000
21872640000
22019072000
22198784000
22376448000
22533632000
22667264000
22876160000
23079424000
23251968000
23449600000
23603712000
23786496000
23953408000
24146432000
24312832000
24458752000
24620032000
24790016000
24948736000
25110528000
25235968000
25368576000
25548288000
25694720000
25882624000
26080256000
26252288000
26416128000
26618880000
26822656000
26999808000
27140608000
27296256000
27455488000
27625472000
27807232000
27959296000
28128768000
28292608000
28445696000
28612608000
28760064000
28941824000
29095936000
29271040000
29469184000
29673472000
29840384000
30010880000
30194176000
30340608000
30498304000
30680576000
30860288000
31006208000
31193600000
31345152000
31517696000
31665664000
31805952000
32011776000
32188416000
32350720000
32529408000
32708096000
32874496000
33019392000
33184768000
33355264000
33504768000
33657856000
33854976000
34007552000
34173440000
34382848000
34556928000
34726400000
34894336000
35080192000
35239936000
35425280000
35667456000
35803648000
35958272000
36112896000
36294656000
36428800000
36595200000
36767744000
36892160000
37043712000
37234688000
37378560000
37608448000
37809664000
37978624000
38141952000
38297600000
38447104000
38579712000
38756864000
38898688000
39062528000
39223296000
39396864000
39593984000
39774208000
39934976000
40121856000
40283136000
40453120000
40667136000
40831488000
40971264000
41160192000
41303552000
41482240000
41656832000
41836544000
41990144000
42184192000
42367488000
42527744000
42704384000
42857984000
43048960000
43233280000
43417600000
43578368000
43738112000
43933696000
44116992000
44281344000
44431360000
44551168000
44705280000
44907520000
45052416000
45223936000
45395968000
45576704000
45740032000
45903360000
46078464000
46220800000
46381568000
46553600000
46699520000
46858240000
47012864000
47195648000
47369216000
47561728000
47742976000
47909376000
48048128000
48265728000
48404992000
48600576000
48777728000
48932864000
49098240000
49242112000
49395200000
49557504000
49721344000
49890304000
50056704000
50190336000
50307072000
50402304000
50480128000
50545664000
50593792000
50621440000
50644480000
50656768000
50662400000
50677760000
50679296000
50684416000
0
0
0
0
0
0
0
0
0
0
0
0
0
0
0
0
0
0
0
0
0
0
0
0
0
0
0
0
0
0
0
0
0
0
0
0
0
0
0
0
0
0
0
0
0
0
0
0
0
0
0
0
0
0
0
0
0
0
0
0
0
0
0
0
0
0
0
0
0
0
0
0
0
0
0
0
0
0
0
0
0
0
0
0
0
0
0
0
0
0
0
0
0
0
0
0
0
0
0
0
0
0
0
0
0
0
0
0
0
0
0
0
0
0
0
0
0
0
0
0
0
0
0
0
0
0
0
0
0
0
0
0
0
0
0
0
0
0
0
0
0
0
0
0
0
0
0
0
0
0
0
0
0
0
0
0
0
0
0
0
0
0
0
0
0
0
0
0
0
0
0
0
0
0
0
0
0
0
0
0
0
0
0
0
0
0
0
0
0
0
0
0
0
0
0
0
0
0
0
0
0
0
0
0
0
0
0
0
0
0
0
0
0
0
0
0
0
0
0
0
0
0
0
0
0
0
0
0
0
0
0
0
0
0
0
0
0
0
0
0
0
0
0
0
0
0
0
0
0
0
0
0
0
0
0
0
0
0
0
0
0
0
0
0
0
0
0
0
0
0
0
0
0
0
0
0
0
0
0
0
0
0
0
0
0
0
0
0
0
0
0
0
0
0
0
0
0
0
0
0
0
0
0
0
0
0
0
0
0
0
0
0
0
0
0
0
0
0
0
0
0
0
0
0
0
0
0
0
0
0
0
0
0
0
0
0
0
0
0
0
0
0
0
0
0
0
0
0
0
0
0
0
0
0
0
0
0
0
0
0
0
0
0
0
0
0
0
0
0
0
0
0
0
0
0
0
0
0
0
0
0
0
0
0
0
0
0
0
0
0
0
0
0
0
0
0
0
0
0
0
0
0
0
0
0
0
0
0
0
0
0
0
0
0
0
0
0
0
0
0
0
0
0
0
0
0
0
0
0
0
0
0
0
0
0
0
0
0
0
0
0
0
0
0
0
0
0
0
0
0
0
0
0
0
0
0
0
0
0
0
0
0
0
0
0
0
0
0
0
0
0
0
0
0
0
0
0
0
0
0
0
0
0
0
0
0
0
0
0
0
0
0
0
0
0
0
0
0
0
0
0
0
0
0
0
0
0
0
0
0
0
0
0
0
0
0
0
0
0
0
0
0
0
0
0
0
0
0
0
0
0
0
0
0
0
0
0
0
0
0
0
0
0
0
0
0
0
0
0
0
0
0
0
0
0
0
0
0
0
0
0
0
0
0
0
0
0
