0
59392000
207360000
451584000
762368000
1177600000
1573376000
2069504000
2485248000
2921984000
3395584000
3803136000
4234752000
4693504000
5163520000
5623296000
6049280000
6471168000
6916096000
7339520000
7741440000
8174080000
8632320000
9160704000
9628160000
10088448000
10540032000
11002880000
11472384000
11950592000
12370432000
12826624000
13290496000
13715968000
14189568000
14660608000
15130112000
15602688000
16087552000
16560128000
17068032000
17517056000
17984512000
18454016000
18866688000
19331072000
19790848000
20232192000
20656640000
21114880000
21572096000
22044160000
22505984000
22981632000
23435264000
23900672000
24370688000
24864256000
25318400000
25815552000
26277376000
26643968000
27106304000
27560960000
28041728000
28535296000
29047808000
29487104000
29907968000
30359040000
30829056000
31269888000
31700992000
32156160000
32633344000
33070592000
33545728000
33972224000
34467328000
34859008000
35311616000
35747328000
36232704000
36697088000
37148672000
37658112000
38100480000
38586880000
39028224000
39463936000
39853568000
40312832000
40805888000
41269760000
41728512000
42172416000
42648576000
43079680000
43540480000
44059648000
44557824000
45029888000
45498368000
45935616000
46382592000
46881280000
47354880000
47854592000
48290304000
48757248000
49203200000
49683968000
50195968000
50686976000
51151360000
51599872000
52025856000
52561920000
53003264000
53441024000
53899776000
54336512000
54736896000
55189504000
55667712000
56116224000
56581120000
57045504000
57509376000
57935872000
58392576000
58856960000
59346432000
59812352000
60271104000
60713472000
61208064000
61657600000
62063616000
62512128000
63003136000
63472128000
63936512000
64408576000
64884224000
65387520000
65895936000
66321920000
66792448000
67264512000
67770368000
68214272000
68641792000
69099008000
69548544000
70019584000
70496256000
70940160000
71407104000
71829504000
72262656000
72712704000
73140224000
73599488000
74061824000
74521088000
74949632000
75427328000
75892224000
76383232000
76857856000
77362176000
77848576000
78302720000
78754816000
79245824000
79711744000
80133120000
80588800000
81037312000
81523200000
81947136000
82390528000
82797568000
83240448000
83723776000
84185600000
84654080000
85139456000
85580800000
86086656000
86602240000
87004672000
87473664000
87916544000
88351232000
88830464000
89773056000
91480064000
93531136000
95535104000
97788416000
100463104000
103263744000
106050560000
109019648000
112134656000
115502080000
118801408000
122174976000
125672960000
129078272000
132278272000
135527936000
138602496000
141852160000
145641472000
149282304000
152713216000
155832832000
159292416000
162612736000
165914112000
169124352000
172580352000
176061440000
179933696000
183558656000
188255232000
193050624000
197627904000
202537984000
207633408000
212363264000
217124864000
222066176000
227082752000
232335360000
237235712000
241794048000
246856192000
251725312000
257061376000
261890560000
266946560000
271826944000
277095424000
282207744000
287694848000
293789696000
299264512000
304949248000
310549504000
316346368000
322355200000
328661504000
334884352000
340288000000
346087424000
351783936000
357185024000
363299840000
368698368000
374936064000
379886080000
385388032000
390753280000
395766272000
400984576000
406354944000
411935744000
417390080000
423662592000
429797888000
435748864000
440974336000
446384128000
452657664000
458355200000
464464384000
471087616000
477590528000
483775488000
489624064000
495699456000
502627840000
509135872000
515441664000
521805824000
527849984000
534242816000
540116992000
547201024000
554493440000
561358336000
568017920000
575075328000
580937728000
587864576000
594319872000
601248768000
608419840000
615623680000
622685184000
629657600000
636127744000
643238912000
649428992000
656911872000
0
0
0
0
0
0
0
0
0
0
0
0
0
0
0
0
0
0
0
0
0
0
0
0
0
0
0
0
0
0
0
0
0
0
0
0
0
0
0
0
0
0
0
0
0
0
0
0
0
0
0
0
0
0
0
0
0
0
0
0
0
0
0
0
0
0
0
0
0
0
0
0
0
0
0
0
0
0
0
0
0
0
0
0
0
0
0
0
0
0
0
0
0
0
0
0
0
0
0
0
0
0
0
0
0
0
0
0
0
0
0
0
0
0
0
0
0
0
0
0
0
0
0
0
0
0
0
0
0
0
0
0
0
0
0
0
0
0
0
0
0
0
0
0
0
0
0
0
0
0
0
0
0
0
0
0
0
0
0
0
0
0
0
0
0
0
0
0
0
0
0
0
0
0
0
0
0
0
0
0
0
0
0
0
0
0
0
0
0
0
0
0
0
0
0
0
0
0
0
0
0
0
0
0
0
0
0
0
0
0
0
0
0
0
0
0
0
0
0
0
0
0
0
0
0
0
0
0
0
0
0
0
0
0
0
0
0
0
0
0
0
0
0
0
0
0
0
0
0
0
0
0
0
0
0
0
0
0
0
0
0
0
0
0
0
0
0
0
0
0
0
0
0
0
0
0
0
0
0
0
0
0
0
0
0
0
0
0
0
0
0
0
0
0
0
0
0
0
0
0
0
0
0
0
0
0
0
0
0
0
0
0
0
0
0
0
0
0
0
0
0
0
0
0
0
0
0
0
0
0
0
0
0
0
0
0
0
0
0
0
0
0
0
0
0
0
0
0
0
0
0
0
0
0
0
0
0
0
0
0
0
0
0
0
0
0
0
0
0
0
0
0
0
0
0
0
0
0
0
0
0
0
0
0
0
0
0
0
0
0
0
0
0
0
0
0
0
0
0
0
0
0
0
0
0
0
0
0
0
0
0
0
0
0
0
0
0
0
0
0
0
0
0
0
0
0
0
0
0
0
0
0
0
0
0
0
0
0
0
0
0
0
0
0
0
0
0
0
0
0
0
0
0
0
0
0
0
0
0
0
0
0
0
0
0
0
0
0
0
0
0
0
0
0
0
0
0
0
0
0
0
0
0
0
0
0
0
0
0
0
0
0
0
0
0
0
0
0
0
0
0
0
0
0
0
0
0
0
0
0
0
0
0
0
0
0
0
0
0
0
0
0
0
0
0
0
0
0
