0
5120000
14336000
32768000
56320000
77824000
115200000
165376000
199680000
238592000
266752000
308224000
346624000
387072000
406016000
446976000
477184000
518656000
565760000
596992000
662016000
697856000
733696000
766464000
804352000
831488000
869376000
896000000
947712000
977920000
1021952000
1064448000
1121792000
1177088000
1213440000
1259008000
1299968000
1329152000
1378304000
1413632000
1457152000
1507840000
1566720000
1610240000
1656320000
1717248000
1774592000
1816064000
1881088000
1927168000
1977856000
2017280000
2070528000
2126336000
2166272000
2208256000
2272256000
2308608000
2360320000
2396672000
2456576000
2512384000
2543616000
2580992000
2663424000
2692608000
2755072000
2800640000
2849792000
2892288000
2914816000
2957312000
2977792000
3026432000
3064832000
3109888000
3141632000
3180032000
3218432000
3248128000
3280384000
3343872000
3386880000
3456512000
3518976000
3578368000
3645440000
3706368000
3750400000
3797504000
3857920000
3899392000
3928576000
3957248000
3993600000
4052480000
4093952000
4143104000
4175360000
4242944000
4294144000
4325376000
4384768000
4435456000
4497408000
4551680000
4610048000
4640768000
4725248000
4764160000
4811776000
4844032000
4892160000
4927488000
4954624000
4995072000
5042688000
5101056000
5116416000
5185536000
5237760000
5283840000
5313024000
5358080000
5408256000
5446144000
5492736000
5543424000
5596672000
5632000000
5680640000
5738496000
5815296000
5874688000
5908992000
5938688000
5963776000
5998592000
6045696000
6086656000
6152192000
6177280000
6212608000
6257152000
6305280000
6350848000
6392832000
6432256000
6488576000
6558208000
6640640000
6685184000
6758400000
6815744000
6883840000
6929920000
6959616000
7016960000
7064576000
7107584000
7156224000
7190016000
7221760000
7264768000
7312384000
7332864000
7382528000
7414272000
7461888000
7517696000
7557120000
7587840000
7638016000
7686144000
7734784000
7774720000
7813120000
7837184000
7882240000
7918080000
7971328000
8008704000
8053760000
8112128000
8169984000
8222208000
8253952000
8290816000
8364032000
8393728000
8433152000
8491008000
8553984000
8593408000
8634368000
8649728000
8725504000
8778752000
8836096000
8877056000
8901632000
8958464000
9003520000
9059840000
9116160000
9169920000
9199104000
9264640000
9320448000
9377280000
9434112000
9475584000
9501696000
9534976000
9585664000
9633792000
9678336000
9741824000
9809408000
9840640000
9873408000
9903104000
9938944000
9998336000
10050560000
10145280000
10184192000
10209792000
10237440000
10291200000
10339840000
10373120000
10396672000
10463744000
10518016000
10556416000
10624000000
10648064000
10686464000
10723328000
10755584000
10800128000
10874880000
10946048000
10999808000
11070464000
11132416000
11199488000
11257344000
11289600000
11323904000
11357184000
11398656000
11445760000
11489280000
11524608000
11578368000
11593728000
11640320000
11692544000
11712512000
11741184000
11792384000
11829248000
11874816000
11920384000
11966976000
12016128000
12049920000
12126720000
12160512000
12216320000
12263424000
12301824000
12346368000
12386816000
12443136000
12466176000
12503552000
12538880000
12587520000
12649984000
12703744000
12743680000
12834816000
12892160000
12942848000
13003776000
13042176000
13086720000
13149184000
13189632000
13256704000
13303296000
13339648000
13384192000
13429760000
13450752000
13487616000
13519872000
13555712000
13595136000
13639680000
13667840000
13698560000
13726208000
13746176000
13756416000
13773312000
13789696000
13794816000
13799936000
13806592000
0
0
0
0
0
0
0
0
0
0
0
0
0
0
0
0
0
0
0
0
0
0
0
0
0
0
0
0
0
0
0
0
0
0
0
0
0
0
0
0
0
0
0
0
0
0
0
0
0
0
0
0
0
0
0
0
0
0
0
0
0
0
0
0
0
0
0
0
0
0
0
0
0
0
0
0
0
0
0
0
0
0
0
0
0
0
0
0
0
0
0
0
0
0
0
0
0
0
0
0
0
0
0
0
0
0
0
0
0
0
0
0
0
0
0
0
0
0
0
0
0
0
0
0
0
0
0
0
0
0
0
0
0
0
0
0
0
0
0
0
0
0
0
0
0
0
0
0
0
0
0
0
0
0
0
0
0
0
0
0
0
0
0
0
0
0
0
0
0
0
0
0
0
0
0
0
0
0
0
0
0
0
0
0
0
0
0
0
0
0
0
0
0
0
0
0
0
0
0
0
0
0
0
0
0
0
0
0
0
0
0
0
0
0
0
0
0
0
0
0
0
0
0
0
0
0
0
0
0
0
0
0
0
0
0
0
0
0
0
0
0
0
0
0
0
0
0
0
0
0
0
0
0
0
0
0
0
0
0
0
0
0
0
0
0
0
0
0
0
0
0
0
0
0
0
0
0
0
0
0
0
0
0
0
0
0
0
0
0
0
0
0
0
0
0
0
0
0
0
0
0
0
0
0
0
0
0
0
0
0
0
0
0
0
0
0
0
0
0
0
0
0
0
0
0
0
0
0
0
0
0
0
0
0
0
0
0
0
0
0
0
0
0
0
0
0
0
0
0
0
0
0
0
0
0
0
0
0
0
0
0
0
0
0
0
0
0
0
0
0
0
0
0
0
0
0
0
0
0
0
0
0
0
0
0
0
0
0
0
0
0
0
0
0
0
0
0
0
0
0
0
0
0
0
0
0
0
0
0
0
0
0
0
0
0
0
0
0
0
0
0
0
0
0
0
0
0
0
0
0
0
0
0
0
0
0
0
0
0
0
0
0
0
0
0
0
0
0
0
0
0
0
0
0
0
0
0
0
0
0
0
0
0
0
0
0
0
0
0
