0
23552000
72704000
152064000
280576000
408064000
575488000
726016000
915968000
1089024000
1269248000
1446400000
1627648000
1824768000
1993728000
2187776000
2380288000
2584576000
2817536000
3001344000
3190784000
3420672000
3627520000
3833856000
4036608000
4198400000
4391936000
4602880000
4770816000
4970496000
5186560000
5382144000
5559296000
5723136000
5906944000
6101504000
6301696000
6514688000
6714880000
6899200000
7104512000
7276544000
7502848000
7712256000
7890944000
8110592000
8300544000
8472064000
8716288000
8920576000
9131008000
9354240000
9563136000
9750528000
9958400000
10186240000
10372096000
10562048000
10784256000
10988544000
11185664000
11389952000
11574272000
11780096000
11992064000
12169728000
12338688000
12546560000
12743168000
12915200000
13094912000
13312512000
13490688000
13687296000
13899776000
14061568000
14264832000
14509568000
14720512000
14968320000
15158272000
15349760000
15554560000
15764480000
15966720000
16156160000
16352768000
16544256000
16742400000
16913920000
17105408000
17319424000
17530880000
17721856000
17892352000
18153472000
18382848000
18559488000
18756608000
18914304000
19097088000
19305984000
19521024000
19710976000
19880448000
20074496000
20280832000
20482560000
20720128000
20950016000
21155328000
21382144000
21578752000
21780480000
21937152000
22136320000
22325248000
22500352000
22681088000
22871040000
23056384000
23299072000
23495168000
23722496000
23939072000
24192000000
24377344000
24566272000
24743424000
24912896000
25095680000
25268224000
25465344000
25670144000
25885696000
26106880000
26291200000
26484224000
26681856000
26866176000
27072512000
27256320000
27482624000
27659264000
27854848000
28028928000
28239360000
28473344000
28628480000
28821504000
29020160000
29255680000
29452800000
29663232000
29871104000
30080000000
30324224000
30530048000
30733824000
30903296000
31074816000
31318528000
31528960000
31767040000
31972352000
32156160000
32323072000
32542208000
32732160000
32917504000
33096704000
33253888000
33421312000
33591296000
33778176000
33969664000
34165248000
34397696000
34651648000
34885632000
35088896000
35296256000
35480576000
35683840000
35909632000
36100096000
36288000000
36474880000
36642816000
36854272000
37059584000
37277696000
37475328000
37665792000
37865984000
38061568000
38248960000
38454272000
38655488000
38910976000
39116800000
39288832000
39514112000
39735296000
39924224000
40119296000
40282624000
40502784000
40713728000
40942080000
41160192000
41350656000
41532928000
41732608000
41908224000
42075136000
42274304000
42489344000
42681344000
42886144000
43067392000
43256832000
43427328000
43662848000
43893760000
44094464000
44295168000
44508160000
44723712000
44905984000
45089280000
45250560000
45463040000
45635584000
45840384000
46060032000
46263808000
46473728000
46680576000
46873088000
47113216000
47313408000
47489024000
47700480000
47879168000
48071168000
48277504000
48486400000
48696832000
48903168000
49120768000
49302016000
49471488000
49678848000
49883648000
50085376000
50282496000
50497024000
50676224000
50864128000
51064832000
51260416000
51458048000
51683840000
51873792000
52073472000
52281344000
52467712000
52634624000
52812800000
53026816000
53203968000
53382144000
53591040000
53777408000
54003200000
54247424000
54445056000
54646272000
54857216000
55054336000
55219712000
55425536000
55640064000
55840256000
56022528000
56218624000
56442368000
56619520000
56825856000
57069056000
57281536000
57510912000
57659392000
57872384000
58041856000
58234368000
58457088000
58625536000
58832384000
59031040000
59240448000
59374080000
59526144000
59604480000
59686400000
59758080000
59813888000
59846144000
59862528000
59875840000
59879936000
59886080000
59891712000
59896320000
0
0
0
0
0
0
0
0
0
0
0
0
0
0
0
0
0
0
0
0
0
0
0
0
0
0
0
0
0
0
0
0
0
0
0
0
0
0
0
0
0
0
0
0
0
0
0
0
0
0
0
0
0
0
0
0
0
0
0
0
0
0
0
0
0
0
0
0
0
0
0
0
0
0
0
0
0
0
0
0
0
0
0
0
0
0
0
0
0
0
0
0
0
0
0
0
0
0
0
0
0
0
0
0
0
0
0
0
0
0
0
0
0
0
0
0
0
0
0
0
0
0
0
0
0
0
0
0
0
0
0
0
0
0
0
0
0
0
0
0
0
0
0
0
0
0
0
0
0
0
0
0
0
0
0
0
0
0
0
0
0
0
0
0
0
0
0
0
0
0
0
0
0
0
0
0
0
0
0
0
0
0
0
0
0
0
0
0
0
0
0
0
0
0
0
0
0
0
0
0
0
0
0
0
0
0
0
0
0
0
0
0
0
0
0
0
0
0
0
0
0
0
0
0
0
0
0
0
0
0
0
0
0
0
0
0
0
0
0
0
0
0
0
0
0
0
0
0
0
0
0
0
0
0
0
0
0
0
0
0
0
0
0
0
0
0
0
0
0
0
0
0
0
0
0
0
0
0
0
0
0
0
0
0
0
0
0
0
0
0
0
0
0
0
0
0
0
0
0
0
0
0
0
0
0
0
0
0
0
0
0
0
0
0
0
0
0
0
0
0
0
0
0
0
0
0
0
0
0
0
0
0
0
0
0
0
0
0
0
0
0
0
0
0
0
0
0
0
0
0
0
0
0
0
0
0
0
0
0
0
0
0
0
0
0
0
0
0
0
0
0
0
0
0
0
0
0
0
0
0
0
0
0
0
0
0
0
0
0
0
0
0
0
0
0
0
0
0
0
0
0
0
0
0
0
0
0
0
0
0
0
0
0
0
0
0
0
0
0
0
0
0
0
0
0
0
0
0
0
0
0
0
0
0
0
0
0
0
0
0
0
0
0
0
0
0
0
0
0
0
0
0
0
0
0
0
0
0
0
0
0
0
0
0
0
0
0
0
0
0
