0
9216000
34816000
71168000
114176000
199168000
296960000
401920000
519680000
621568000
729088000
823296000
934912000
1030656000
1182208000
1320448000
1441792000
1567744000
1679360000
1797120000
1913344000
2001408000
2131456000
2236416000
2358784000
2493952000
2642944000
2769920000
2871296000
2979328000
3122176000
3232768000
3354624000
3464704000
3603456000
3710464000
3835904000
3920896000
4062208000
4184576000
4300800000
4428800000
4536320000
4661760000
4798464000
4917760000
5041664000
5174784000
5294080000
5466624000
5592576000
5676544000
5772800000
5870592000
5964288000
6088704000
6173184000
6319616000
6422016000
6536192000
6671872000
6784000000
6941696000
7075328000
7215616000
7366656000
7531008000
7623168000
7771136000
7904256000
8026624000
8148480000
8284672000
8402432000
8497664000
8601088000
8713216000
8821248000
8963584000
9104896000
9227776000
9339904000
9459712000
9577472000
9712640000
9867264000
9985536000
10093568000
10210816000
10319872000
10454528000
10594304000
10714112000
10804736000
10904576000
10997248000
11147776000
11280896000
11408384000
11529728000
11652096000
11786240000
11906048000
12062208000
12189696000
12295680000
12383232000
12545536000
12647936000
12748800000
12876288000
12975616000
13122560000
13215744000
13355008000
13467648000
13579776000
13708800000
13812224000
13968384000
14076416000
14217728000
14339584000
14488576000
14614528000
14739456000
14862848000
14980608000
15117824000
15249408000
15349248000
15475200000
15608320000
15744512000
15861248000
15965184000
16088576000
16226816000
16341504000
16476672000
16598016000
16757760000
16889344000
17013248000
17153536000
17286656000
17398272000
17518080000
17631232000
17745408000
17861632000
17963520000
18070016000
18170880000
18337792000
18472448000
18585088000
18706432000
18846208000
18985984000
19104256000
19222528000
19327488000
19460608000
19585536000
19714048000
19806720000
19937280000
20027904000
20168704000
20290560000
20399616000
20523008000
20623360000
20769792000
20885504000
21007872000
21150208000
21237248000
21385216000
21512192000
21624320000
21726720000
21852160000
21981696000
22130176000
22239744000
22396928000
22540800000
22649856000
22765056000
22905856000
23034368000
23126528000
23240192000
23407616000
23503872000
23617024000
23716352000
23835648000
23967744000
24102400000
24237568000
24376832000
24502784000
24631808000
24722432000
24866816000
24991232000
25103360000
25246720000
25357312000
25470464000
25586176000
25734144000
25850880000
25967104000
26061312000
26169344000
26284032000
26422784000
26559488000
26682368000
26799616000
26928128000
27051008000
27142656000
27251200000
27367936000
27494912000
27595776000
27725824000
27851264000
27980288000
28143104000
28268032000
28391424000
28499968000
28662272000
28782592000
28934144000
29050880000
29198848000
29325824000
29459968000
29605888000
29731840000
29836800000
29939200000
30039040000
30161920000
30285312000
30402048000
30548480000
30669824000
30761984000
30859776000
30961664000
31097344000
31211520000
31324160000
31447552000
31541760000
31660032000
31767552000
31889920000
32016896000
32161792000
32281088000
32398336000
32520192000
32635904000
32761856000
32905728000
33014784000
33159680000
33300992000
33418752000
33539584000
33648640000
33775104000
33911808000
34027520000
34133504000
34239488000
34382336000
34497024000
34621440000
34731520000
34865152000
35013632000
35126784000
35261952000
35386368000
35524096000
35652096000
35772416000
35874816000
36003328000
36125696000
36252672000
36371456000
36480512000
36559872000
36628992000
36686848000
36729344000
36774400000
36811776000
36843520000
36850176000
36852224000
36855296000
36857344000
36859904000
