0
25600000
96768000
220160000
408064000
649728000
888320000
1124864000
1402880000
1696256000
1941504000
2200064000
2422272000
2660352000
2921472000
3131392000
3409408000
3646976000
3942912000
4260352000
4516864000
4813824000
5079552000
5339648000
5632000000
5888000000
6174720000
6464000000
6764032000
7049728000
7349248000
7597056000
7865856000
8106496000
8350208000
8623104000
8890880000
9174528000
9433600000
9678848000
9974784000
10235904000
10500608000
10767360000
11020800000
11292672000
11604992000
11886080000
12181504000
12474368000
12757504000
13027840000
13377024000
13666304000
13893120000
14160384000
14414336000
14686208000
14989824000
15238656000
15522816000
15802368000
16108032000
16325632000
16608768000
16876032000
17173504000
17458176000
17782272000
18057216000
18285056000
18561024000
18832384000
19158016000
19435520000
19718656000
20022272000
20283904000
20561920000
20819968000
21091840000
21346304000
21616128000
21937152000
22218752000
22495744000
22710272000
23028736000
23331328000
23582720000
23860224000
24123392000
24382464000
24666624000
24910336000
25169408000
25455104000
25697792000
25981952000
26283008000
26572800000
26816000000
27079168000
27326464000
27631104000
27871744000
28148224000
28441600000
28736000000
29022720000
29315072000
29587968000
29872128000
30136320000
30420992000
30728704000
31012352000
31290880000
31581696000
31863808000
32133120000
32371712000
32654336000
32924672000
33225216000
33491968000
33753600000
34045952000
34306048000
34578432000
34881024000
35192832000
35478528000
35734016000
35978752000
36249088000
36544000000
36787200000
37061120000
37343232000
37608448000
37867520000
38162944000
38452736000
38740992000
38998016000
39255040000
39499776000
39760896000
40069632000
40355328000
40643072000
40960512000
41225728000
41538560000
41825792000
42089984000
42366464000
42620928000
42937856000
43183616000
43435008000
43720704000
44009984000
44310016000
44589568000
44844544000
45106688000
45361664000
45659136000
45992448000
46257664000
46557184000
46850560000
47107584000
47398912000
47659520000
47927296000
48183296000
48453120000
48686080000
48934400000
49221632000
49473536000
49721344000
50005504000
50305536000
50593792000
50919936000
51221504000
51555328000
51877376000
52133888000
52370944000
52597248000
52910080000
53153792000
53446144000
53707264000
53996544000
54274048000
54554624000
54844928000
55151104000
55399424000
55687680000
55956992000
56222720000
56491008000
56748544000
57025024000
57321472000
57593856000
57856512000
58137600000
58371072000
58657792000
58967552000
59274752000
59553280000
59828224000
60094976000
60350464000
60649472000
60923392000
61187072000
61443584000
61764096000
62047744000
62330880000
62574592000
62838272000
63106048000
63374336000
63606784000
63876608000
64138240000
64454656000
64757248000
65028608000
65336320000
65621504000
65897472000
66139136000
66447872000
66724352000
67016704000
67278336000
67551232000
67855872000
68133888000
68379648000
68633088000
68913664000
69174784000
69458432000
69718528000
70007808000
70309888000
70580736000
70878208000
71146496000
71464960000
71717376000
71980032000
72258048000
72564736000
72787456000
73079296000
73342976000
73648640000
73924608000
74200576000
74500096000
74785792000
75024896000
75298816000
75554304000
75864064000
76151808000
76422144000
76701696000
76952576000
77231616000
77501440000
77739008000
77991936000
78285824000
78539264000
78786560000
79080448000
79351296000
79660032000
79927296000
80236032000
80532480000
80841728000
81112064000
81411072000
81717248000
82031616000
82263552000
82449920000
82597376000
82709504000
82799104000
82846208000
82870272000
82889728000
82911232000
82926592000
82932736000
82934784000
82937856000
82939904000
