0
39936000
114176000
257024000
443904000
717824000
970752000
1268224000
1554432000
1843200000
2192896000
2470912000
2742272000
3023360000
3350528000
3667456000
3964928000
4227072000
4547072000
4834304000
5140480000
5449216000
5762048000
6030336000
6316544000
6606848000
6905856000
7229952000
7539200000
7881728000
8168960000
8445952000
8759808000
9063936000
9393664000
9718272000
10035712000
10307072000
10576896000
10856448000
11157504000
11417088000
11727360000
12012544000
12354560000
12664320000
12992000000
13310464000
13643264000
13962240000
14289408000
14565376000
14852608000
15150080000
15455744000
15775744000
16066560000
16390656000
16716288000
17028608000
17320960000
17596928000
17894400000
18167296000
18451968000
18739712000
19105280000
19420160000
19737088000
20083200000
20388352000
20711424000
21031424000
21381120000
21688832000
22018560000
22325760000
22606336000
22940160000
23250944000
23529984000
23789568000
24065024000
24359424000
24672256000
25010688000
25353728000
25670144000
25968128000
26256896000
26538496000
26825216000
27138560000
27464704000
27816960000
28137984000
28427264000
28728832000
29032448000
29320704000
29644288000
29982720000
30329856000
30601216000
30866944000
31149568000
31443456000
31741952000
32042496000
32331264000
32607744000
32909312000
33266688000
33602048000
33909760000
34209280000
34460160000
34763264000
35074048000
35384832000
35692544000
35974144000
36282880000
36602880000
36962816000
37321216000
37623808000
37919232000
38233600000
38570496000
38864896000
39138816000
39461888000
39760384000
40047104000
40338944000
40668672000
40982016000
41275904000
41576448000
41917440000
42169856000
42513920000
42850304000
43188224000
43491840000
43777024000
44065792000
44352000000
44656128000
44958720000
45239808000
45568512000
45866496000
46144512000
46435328000
46770688000
47062528000
47399424000
47736320000
48074240000
48398336000
48698880000
49011200000
49298432000
49616896000
49925632000
50234880000
50536960000
50874368000
51215360000
51535872000
51827712000
52111872000
52406784000
52710912000
52983296000
53254144000
53583360000
53864448000
54189056000
54515712000
54827520000
55115264000
55424512000
55723520000
56053760000
56373760000
56668672000
56982528000
57284096000
57574912000
57923072000
58183680000
58482176000
58840064000
59199488000
59516416000
59819520000
60096512000
60376576000
60693504000
61002752000
61283328000
61593600000
61899776000
62199296000
62498304000
62821376000
63143936000
63460352000
63770624000
64039424000
64329216000
64655872000
64971776000
65283584000
65594880000
65876480000
66133504000
66456064000
66775552000
67084288000
67398656000
67761152000
68046848000
68363776000
68642304000
68944896000
69261824000
69556736000
69852160000
70158336000
70479360000
70790656000
71093760000
71414784000
71728128000
72054784000
72386560000
72684544000
72978944000
73297408000
73632768000
73950208000
74261504000
74551808000
74825728000
75150848000
75483136000
75765248000
76057600000
76330496000
76633600000
76948480000
77224960000
77520384000
77783040000
78050816000
78340608000
78681600000
79017984000
79340032000
79647744000
79931392000
80221696000
80555520000
80887296000
81169920000
81480192000
81788928000
82108416000
82408960000
82729472000
83047936000
83331584000
83657728000
83961856000
84250112000
84564480000
84902912000
85211648000
85517824000
85816320000
86132736000
86473728000
86832640000
87123968000
87427072000
87723008000
87997952000
88297472000
88620544000
88913920000
89229312000
89580032000
89873408000
90174976000
90469376000
90754048000
91048448000
91333632000
91572224000
91730432000
91866624000
91979776000
92040704000
92086272000
92114432000
92129280000
92139008000
92144128000
92151808000
92157440000
92159488000
0
0
0
0
0
0
0
0
0
0
0
0
0
0
0
0
0
0
0
0
0
0
0
0
0
0
0
0
0
0
0
0
0
0
0
0
0
0
0
0
0
0
0
0
0
0
0
0
0
0
0
0
0
0
0
0
0
0
0
0
0
0
0
0
0
0
0
0
0
0
0
0
0
0
0
0
0
0
0
0
0
0
0
0
0
0
0
0
0
0
0
0
0
0
0
0
0
0
0
0
0
0
0
0
0
0
0
0
0
0
0
0
0
0
0
0
0
0
0
0
0
0
0
0
0
0
0
0
0
0
0
0
0
0
0
0
0
0
0
0
0
0
0
0
0
0
0
0
0
0
0
0
0
0
0
0
0
0
0
0
0
0
0
0
0
0
0
0
0
0
0
0
0
0
0
0
0
0
0
0
0
0
0
0
0
0
0
0
0
0
0
0
0
0
0
0
0
0
0
0
0
0
0
0
0
0
0
0
0
0
0
0
0
0
0
0
0
0
0
0
0
0
0
0
0
0
0
0
0
0
0
0
0
0
0
0
0
0
0
0
0
0
0
0
0
0
0
0
0
0
0
0
0
0
0
0
0
0
0
0
0
0
0
0
0
0
0
0
0
0
0
0
0
0
0
0
0
0
0
0
0
0
0
0
0
0
0
0
0
0
0
0
0
0
0
0
0
0
0
0
0
0
0
0
0
0
0
0
0
0
0
0
0
0
0
0
0
0
0
0
0
0
0
0
0
0
0
0
0
0
0
0
0
0
0
0
0
0
0
0
0
0
0
0
0
0
0
0
0
0
0
0
0
0
0
0
0
0
0
0
0
0
0
0
0
0
0
0
0
0
0
0
0
0
0
0
0
0
0
0
0
0
0
0
0
0
0
0
0
0
0
0
0
0
0
0
0
0
0
0
0
0
0
0
0
0
0
0
0
0
0
0
0
0
0
0
0
0
0
0
0
0
0
0
0
0
0
0
0
0
0
0
0
0
0
0
0
0
0
0
0
0
0
0
0
0
0
0
0
0
0
0
0
0
0
0
0
0
0
0
0
0
0
0
0
0
0
0
0
0
0
0
0
0
0
0
0
0
0
0
0
0
0
0
0
0
0
0
0
0
0
0
0
0
0
0
0
0
0
0
0
0
0
0
