NaN
0.004517944202897464
0.0038531754855230392
0.0033220261064152816
0.003131598513220285
0.0032355690375524214
0.003365060044500502
0.0032976681198472212
0.0032475070282539683
0.003239158702399062
0.0033369990688800603
0.0034968713142779083
0.0035722346522010302
0.00377439073112952
0.0039863933376327616
0.004093476282435427
0.00419358436829441
0.004323389298330423
0.004453465156038364
0.004506517277643264
0.004637129988539511
0.004716374285447449
0.004725098546597226
0.00478589197258834
0.00479417511864471
0.004981285287293977
0.00510609460485518
0.005286534637825424
0.005419284038853642
0.005444608962122303
0.005566581572787473
0.005766947338911156
0.005834044562120264
0.005953314556135329
0.0060403914219265865
0.006057493911439549
0.006094994072929069
0.006216145478830104
0.006344244483870761
0.006399096733852331
0.006520083288867276
0.006633300572655253
0.006749342528444613
0.006857420764239208
0.006871040396659325
0.006872878522790025
0.006855146133104101
0.006896187684612095
0.006979422768136988
0.0071385623180086335
0.007279778511147195
0.007349459591106571
0.007476558869480766
0.007561538663677539
0.007566646935752358
0.007585837202791046
0.007621808108133097
0.007638072044771278
0.007643482176759762
0.007749815660434115
0.00778302724884516
0.0077794846189556885
0.00789159045717056
0.007906392441123896
0.007999569046055555
0.008048693372040484
0.00807103964903373
0.00809105305885144
0.008098019665516062
0.008129304533764155
0.008285729090750002
0.00826304408079459
0.008363212342833607
0.008414482201469729
0.008430920922895256
0.008521347285731095
0.00863338972007182
0.008668452169051696
0.008645036657724458
0.008718019518406773
0.008806209602506594
0.008787908081140073
0.008845921111380812
0.008869356854912972
0.008931374878025861
0.009001546570012495
0.00911215097548983
0.009126505306798151
0.009128567071750358
0.009129270194022406
0.009156758519532349
0.009172587393108663
0.009210776546952024
0.009175775006083997
0.009221269537084109
0.009232389669025934
0.00929411395786617
0.009335906719570783
0.009374595926004871
0.009409687710646443
0.009447278151118529
0.009505394330895933
0.00951927971587878
0.0095282835848356
0.009560189911382336
0.009564427553371984
0.00964094492054999
0.009698457750893943
0.009683129302992671
0.009672480389781796
0.009731761776849469
0.009777891609215942
0.009817429795345655
0.009829997860649208
0.009895529375597447
0.009937251906757188
0.009944482305435898
0.00996465023130966
0.00997924475932952
0.009992080080062029
0.010041763152307991
0.010053876715762581
0.010045913786889772
0.010044604947763713
0.01004316768875378
0.010040049473143893
0.01008321493892591
0.01004646353000558
0.010095238629970018
0.01009410110108468
0.010151235748394057
0.010185884050095842
0.010215627351415717
0.010224962187231929
0.010323419751294692
0.010310406449913273
0.010365737711001395
0.010413526220784598
0.010471904260670585
0.010518223928242575
0.010546767385714039
0.01059090128426491
0.010586964466744668
0.010564509810780888
0.010579256303559726
0.010605598226963896
0.010610051602866688
0.010648965920196271
0.01064427364023922
0.010655462437622063
0.010666781631308863
0.01066940333600239
0.010648106168090992
0.010698721465740097
0.010749326260095426
0.010777134820731967
0.010784342445629825
0.01078061766890776
0.010765168526156855
0.010771672863678123
0.010777046310197793
0.010767861381507931
0.010814813014384988
0.010812154715025434
0.01081360332514449
0.010796251834865206
0.010778109932139238
0.010772873445432318
0.010772139152944882
0.01077854692499773
0.010803734512306897
0.010857941343898244
0.010861275210306576
0.010937993630412635
0.010936323846204143
0.010951058834508611
0.010922248720223765
0.010968225063819552
0.010997125727411882
0.011022063678628066
0.01100048548879851
0.011011288607071177
0.011037521871279878
0.011037504901254902
0.011037234959446349
0.011035366166792614
0.01103513335003038
0.01104219739613271
0.011026500378921954
0.011042135802754618
0.01104352751985076
0.01105122100282993
0.01106419036964901
0.01106426873239395
0.01108012164674377
0.011120405591113113
0.011096903871927804
0.011119728397691974
0.01115204191439986
0.011154773676104245
0.01113972794182748
0.011157752204800147
0.011190199333429565
0.011180802306475513
0.011207927120247216
0.011220071220490414
0.011209836266181238
0.011183155703516842
0.011178721120729158
0.011171669700129047
0.011139145835991328
0.011134053257022304
0.011167088362951254
0.011176928592335574
0.011174039633792807
0.011195281557947218
0.011223926607701662
0.011256611688834019
0.011280814598881419
0.011288691694612048
0.011270637547850171
0.011252083884223258
0.011270642564262332
0.011286923679431269
0.011301149788319463
0.011306470899775656
0.011310249752835304
0.011321470751583811
0.01132689718442741
0.011324041767710335
0.011364971109255008
0.011381916919585119
0.0113896059518702
0.011406983602301609
0.011450240465528626
0.011447476383723891
0.011467174425596334
0.011490202660579077
0.011505951833416322
0.011502987677801557
0.011494967213988148
0.011480118927140794
0.01148599866769506
0.011458209636421081
0.011455083644478887
0.01146905481033177
0.01145667010025382
0.011475427247056752
0.011482650880571918
0.011476396607337444
0.011481860665206968
0.011506684647170107
0.011514047832311284
0.01151037375896026
0.01150409296931256
0.011538698187938708
0.011533687846787022
0.01153363798196446
0.011523221056173134
0.011529464176985508
0.011520423008195422
0.01150696105466711
0.011508145502597123
0.011511134792169472
0.011550857007680802
0.0115554616950683
0.011566999795367235
0.011551672599140807
0.01155002112716731
0.011522387540462635
0.011528189462779836
0.011523971973490414
0.011513596882099363
0.011524017476883319
0.011529079542379481
0.01151858081310172
0.011523822589205007
0.011540172841097396
0.011543663065727435
0.01155297101139832
0.011564443086814645
0.011549934979179756
0.011567286940654235
0.011557410861010819
0.011586088186164016
0.011597327322886196
0.011577164932654883
0.011566132688404342
0.011580384303269865
0.011576844497693882
0.011576530974722762
0.011569750043296611
0.011558322627856539
0.011550792388867496
0.01155201309361971
0.011580865095460009
0.01160732785600388
0.011588409109899446
0.011590033656835197
0.011604238711447347
0.01161678164597198
0.01164501610906533
0.01167333163765109
0.011692863467229373
0.011717224478228259
0.0117345900403275
0.01175574997854904
0.011769492424219844
0.011809608941050738
0.01183811068021823
0.011864992020442063
0.011886257913053734
0.011909271137475178
0.011948495217310487
0.011969895306956468
