0
28
82
221
408
667
896
1192
1484
1808
2057
2313
2623
2982
3288
3501
3808
4103
4408
4749
5119
5431
5759
6074
6464
6714
7005
7406
7708
8045
8425
8759
9116
9423
9711
10123
10493
10769
11088
11342
11691
12031
12392
12713
13005
13379
13625
13944
14281
14633
14997
15337
15652
16006
16353
16581
16946
17266
17643
17921
18258
18581
18902
19256
19639
19962
20328
20693
20954
21207
21539
21856
22151
22476
22755
23090
23459
23826
24176
24482
24767
25091
25436
25813
26160
26517
26840
27120
27353
27657
27946
28270
28637
28935
29218
29543
29901
30275
30566
30905
31252
31628
31979
32349
32684
33022
33380
33689
34054
34411
34863
35215
35565
35841
36147
36474
36819
37119
37458
37874
38227
38564
38888
39220
39516
39819
40106
40428
40730
41027
41430
41770
42071
42327
42720
43006
43357
43704
44011
44272
44680
45077
45414
45800
46101
46458
46784
47161
47486
47771
48086
48418
48728
49044
49289
49548
49899
50185
50552
50938
51274
51594
51990
52388
52734
53009
53313
53624
53956
54311
54608
54939
55259
55558
55884
56172
56527
56828
57170
57557
57956
58282
58615
58973
59259
59567
59923
60274
60559
60925
61221
61558
61847
62121
62523
62868
63185
63534
63883
64208
64491
64814
65147
65439
65738
66123
66421
66745
67154
67494
67825
68153
68516
68828
69190
69663
69929
70231
70533
70888
71150
71475
71812
72055
72351
72724
73005
73454
73847
74177
74496
74800
75092
75351
75697
75974
76294
76608
76947
77332
77684
77998
78363
78678
79010
79428
79749
80022
80391
80671
81020
81361
81712
82012
82391
82749
83062
83407
83707
84080
84440
84800
85114
85426
85808
86166
86487
86780
87014
87315
87710
87993
88328
88664
89017
89336
89655
89997
90275
90589
90925
91210
91520
91822
92179
92518
92894
93248
93573
93844
94269
94541
94923
95269
95572
95895
96176
96475
96792
97112
97442
97767
98028
98256
98442
98594
98722
98816
98870
98915
98939
98950
98980
98983
98993
0
0
0
0
0
0
0
0
0
0
0
0
0
0
0
0
0
0
0
0
0
0
0
0
0
0
0
0
0
0
0
0
0
0
0
0
0
0
0
0
0
0
0
0
0
0
0
0
0
0
0
0
0
0
0
0
0
0
0
0
0
0
0
0
0
0
0
0
0
0
0
0
0
0
0
0
0
0
0
0
0
0
0
0
0
0
0
0
0
0
0
0
0
0
0
0
0
0
0
0
0
0
0
0
0
0
0
0
0
0
0
0
0
0
0
0
0
0
0
0
0
0
0
0
0
0
0
0
0
0
0
0
0
0
0
0
0
0
0
0
0
0
0
0
0
0
0
0
0
0
0
0
0
0
0
0
0
0
0
0
0
0
0
0
0
0
0
0
0
0
0
0
0
0
0
0
0
0
0
0
0
0
0
0
0
0
0
0
0
0
0
0
0
0
0
0
0
0
0
0
0
0
0
0
0
0
0
0
0
0
0
0
0
0
0
0
0
0
0
0
0
0
0
0
0
0
0
0
0
0
0
0
0
0
0
0
0
0
0
0
0
0
0
0
0
0
0
0
0
0
0
0
0
0
0
0
0
0
0
0
0
0
0
0
0
0
0
0
0
0
0
0
0
0
0
0
0
0
0
0
0
0
0
0
0
0
0
0
0
0
0
0
0
0
0
0
0
0
0
0
0
0
0
0
0
0
0
0
0
0
0
0
0
0
0
0
0
0
0
0
0
0
0
0
0
0
0
0
0
0
0
0
0
0
0
0
0
0
0
0
0
0
0
0
0
0
0
0
0
0
0
0
0
0
0
0
0
0
0
0
0
0
0
0
0
0
0
0
0
0
0
0
0
0
0
0
0
0
0
0
0
0
0
0
0
0
0
0
0
0
0
0
0
0
0
0
0
0
0
0
0
0
0
0
0
0
0
0
0
0
0
0
0
0
0
0
0
0
0
0
0
0
0
0
0
0
0
0
0
0
0
0
0
0
0
0
0
0
0
0
0
0
0
0
0
0
0
0
0
0
0
0
0
0
0
0
0
0
0
0
0
0
0
0
0
0
0
0
0
0
0
0
0
0
0
0
0
0
0
0
0
0
0
0
0
0
0
0
0
0
0
0
0
0
0
0
0
0
0
0
0
0
0
0
0
0
0
0
0
0
0
0
0
0
0
0
0
0
0
0
0
0
0
0
0
0
0
0
0
0
0
0
0
0
0
0
0
0
0
0
0
0
0
0
0
0
0
0
0
0
0
0
0
0
0
0
0
0
0
0
0
0
0
0
0
0
0
