0
44061
88227
189033
252941
404598
508097
664669
803576
999085
1265795
1557974
1812760
2150538
2337126
2676610
3043457
3500085
4086829
4354998
4716721
5149564
5547009
5898194
6325774
6510182
6898594
7416131
7852796
8526445
8790087
9090601
9721050
10016024
10063506
10463480
11227031
11766201
12424568
12837144
13362338
14181741
14767264
15870642
16158802
16560301
17467231
18342815
19089430
19938949
20839209
21389969
21797647
22399766
23261953
23645839
24254148
24689901
25566111
26834570
27205958
28338536
29178938
29698230
30243163
30765275
31351437
32379199
33019099
34016124
34783356
35568274
36210108
36764806
36944153
37745099
38081032
39157308
39707845
40178835
40416254
41263159
41693285
42323126
43204858
43807552
44628477
45063486
46335626
46450719
47548306
48785581
49032410
49689027
50501076
51785330
52719698
53392954
54142533
54502458
54955682
56115661
57207893
57670692
58308819
59577380
60330491
61807072
62757533
63266090
64043839
65237080
66489808
67651792
67889922
69316112
70691654
71705366
72629151
73067427
73517783
74581423
75452486
76755593
77613868
78008989
78589090
79056552
80458632
81034764
81669193
82455519
83553305
84352791
84640188
85297073
85699727
86320374
87818282
88815266
89056451
89585171
90273285
92105598
93146380
93829749
94200875
95126913
96668740
97530769
99020937
99229206
99794542
100973202
101440079
102235104
102971380
103888883
104245248
105512283
106262552
106846552
108475843
108928159
110012741
110056738
110224267
111060104
111711858
112393575
112563301
112920786
113501020
113878451
114914106
115700350
115953486
116858544
117384292
117679193
118669224
119211442
119571487
120760282
121767961
123198897
124158942
124601823
126033273
126881677
128403411
129350684
129880397
130507706
130897607
131015358
131820709
132275018
132857331
133657935
134211775
134824810
135308762
136677621
137456282
138189513
138981519
139733773
140349313
140453947
141610451
141975666
142305959
143175212
143579217
144626371
145294067
145963605
146753452
147302408
147978260
148619484
150102990
151018247
151462705
152595555
153585889
154795565
155411268
155864978
157849343
158620513
160031950
160783497
161566971
162372650
163133937
163813880
164143557
164981019
165650613
166617825
167566766
168162718
169576993
170400874
170481079
171478616
172387168
175122134
175625647
176111037
177268755
178662575
179010825
179956054
180690270
181494746
182546087
183400545
184218267
184904147
185669985
186260418
186690852
186924812
187527438
188575151
189236034
189788032
190248078
190725675
191889352
192867248
193667882
194677104
196036503
197348207
197660056
198023830
199239021
200012643
200581417
201777612
202270425
202455361
204133436
204429869
205335008
206028466
206484565
206979284
207550041
208049291
208767860
208777991
209292630
210491159
210862542
211997110
212229965
212388177
213494976
214372952
215434146
216190626
216870660
219162004
219627491
220265246
221069301
221807134
222547259
222957719
0
0
0
0
0
0
0
0
0
0
0
0
0
0
0
0
0
0
0
0
0
0
0
0
0
0
0
0
0
0
0
0
0
0
0
0
0
0
0
0
0
0
0
0
0
0
0
0
0
0
0
0
0
0
0
0
0
0
0
0
0
0
0
0
0
0
0
0
0
0
0
0
0
0
0
0
0
0
0
0
0
0
0
0
0
0
0
0
0
0
0
0
0
0
0
0
0
0
0
0
0
0
0
0
0
0
0
0
0
0
0
0
0
0
0
0
0
0
0
0
0
0
0
0
0
0
0
0
0
0
0
0
0
0
0
0
0
0
0
0
0
0
0
0
0
0
0
0
0
0
0
0
0
0
0
0
0
0
0
0
0
0
0
0
0
0
0
0
0
0
0
0
0
0
0
0
0
0
0
0
0
0
0
0
0
0
0
0
0
0
0
0
0
0
0
0
0
0
0
0
0
0
0
0
0
0
0
0
0
0
0
0
0
0
0
0
0
0
0
0
0
0
0
0
0
0
0
0
0
0
0
0
0
0
0
0
0
0
0
0
0
0
0
0
0
0
0
0
0
0
0
0
0
0
0
0
0
0
0
0
0
0
0
0
0
0
0
0
0
0
0
0
0
0
0
0
0
0
0
0
0
0
0
0
0
0
0
0
0
0
0
0
0
0
0
0
0
0
0
0
0
0
0
0
0
0
0
0
0
0
0
0
0
0
0
0
0
0
0
0
0
0
0
0
0
0
0
0
0
0
0
0
0
0
0
0
0
0
0
0
0
0
0
0
0
0
0
0
0
0
0
0
0
0
0
0
0
0
0
0
0
0
0
0
0
0
0
0
0
0
0
0
0
0
0
0
0
0
0
0
0
0
0
0
0
0
0
0
0
0
0
0
0
0
0
0
0
0
0
0
0
0
0
0
0
0
0
0
0
0
0
0
0
0
0
0
0
0
0
0
0
0
0
0
0
0
0
0
0
0
0
0
0
0
0
0
0
0
0
0
0
0
0
0
0
0
0
0
0
0
0
0
0
0
0
0
0
0
0
0
0
0
0
0
0
0
0
0
0
0
0
0
0
0
0
0
0
0
0
0
0
0
0
