0
159298
433829
812047
1355974
1990780
2798667
3635760
4676868
5600655
7097858
8652198
10210241
11639396
13078844
14503405
16163646
17645108
19597990
21285523
23609343
25253280
27744957
29422808
32097206
33979435
36568579
39209154
41944097
43949724
46015093
49227253
51092578
53799732
55888823
58804808
61391817
64151507
67205338
69549528
72804665
74908548
77930930
79759965
82149580
84693771
88088113
90378715
94380985
97993743
101426223
104061444
108049805
110699782
114193932
117094704
121174040
124551726
128782770
131889313
135335246
138626352
141723741
144920738
148168085
150039105
153131232
157006081
160875414
164471479
167853911
170977973
174635426
178242143
182536811
187111238
191444053
195829439
199370479
203567465
206599851
209412647
213104334
217075123
221358754
224990886
229371474
232148008
236047638
239689556
244272701
249366967
253722463
257945127
262420409
265817521
270777624
274270219
278191932
282664563
286945183
290799873
295224637
298897508
302332956
306143926
309190997
312775493
315934944
318295385
321987054
326561746
330302713
333608485
337361852
340537673
344431444
348184856
350443782
352755766
356614088
360583082
363918027
367248102
370953881
375407510
378953777
382258713
386068162
390861724
394596577
398155472
401669567
406690654
410407732
415261827
418934573
423800480
428392752
432808136
436688462
441250979
445312567
449358804
453963698
457738319
461802739
465965208
469788594
474061911
478646218
481217279
485933924
490157918
492075350
496266524
500395329
502909307
505972456
510983773
515025917
518791391
521800924
525288596
530211534
534991798
539249019
542573911
546054594
550378906
555969282
560902121
565588829
570815510
574776804
577720002
582814929
586736697
591155754
594947365
598430582
601932690
603946883
608246306
613410698
616406971
619858542
622964332
627720408
630660450
634411981
637106551
643219181
648323533
651804078
656739842
662803106
667122720
672468951
675861627
680737942
685661586
689707128
693138675
698364386
702382776
707001947
710798980
714991541
718723455
723154508
726362383
730728695
735040703
739300829
743992134
747762917
750260456
754672010
759587971
762416533
765920941
769769342
773967219
779319455
783143562
786447867
790515521
793841440
798136365
802276422
804549792
807641735
812460378
817075085
821433744
825659854
830657691
835275995
839243665
842549917
845528227
848972538
853561661
856381153
860541550
864488908
868842932
873212415
877785775
882612559
886358442
890554583
895240070
897915321
902826538
906017443
909179298
912485672
916065945
919590731
922921062
925331449
929109608
932381830
934997299
939618781
943557905
946804330
950189476
954381769
957877519
963574510
967938177
971737165
974495832
977213311
981871500
986651416
990769837
995565858
999764871
1003349652
1007560063
1011848083
1017372978
1022908267
1026949559
1030309929
1032895913
1037871479
1042336660
1045763734
1049813310
1053929010
1058522540
1063261552
1067036423
1070457469
1073856530
1078861264
1082891557
1086204860
1089816199
1093868407
1097846324
1100267476
1103419453
1106293487
1108830630
1111176892
1114846091
1117593851
1120234841
1121925021
0
0
0
0
0
0
0
0
0
0
0
0
0
0
0
0
0
0
0
0
0
0
0
0
0
0
0
0
0
0
0
0
0
0
0
0
0
0
0
0
0
0
0
0
0
0
0
0
0
0
0
0
0
0
0
0
0
0
0
0
0
0
0
0
0
0
0
0
0
0
0
0
0
0
0
0
0
0
0
0
0
0
0
0
0
0
0
0
0
0
0
0
0
0
0
0
0
0
0
0
0
0
0
0
0
0
0
0
0
0
0
0
0
0
0
0
0
0
0
0
0
0
0
0
0
0
0
0
0
0
0
0
0
0
0
0
0
0
0
0
0
0
0
0
0
0
0
0
0
0
0
0
0
0
0
0
0
0
0
0
0
0
0
0
0
0
0
0
0
0
0
0
0
0
0
0
0
0
0
0
0
0
0
0
0
0
0
0
0
0
0
0
0
0
0
0
0
0
0
0
0
0
0
0
0
0
0
0
0
0
0
0
0
0
0
0
0
0
0
0
0
0
0
0
0
0
0
0
0
0
0
0
0
0
0
0
0
0
0
0
0
0
0
0
0
0
0
0
0
0
0
0
0
0
0
0
0
0
0
0
0
0
0
0
0
0
0
0
0
0
0
0
0
0
0
0
0
0
0
0
0
0
0
0
0
0
0
0
0
0
0
0
0
0
0
0
0
0
0
0
0
0
0
0
0
0
0
0
0
0
0
0
0
0
0
0
0
0
0
0
0
0
0
0
0
0
0
0
0
0
0
0
0
0
0
0
0
0
0
0
0
0
0
0
0
0
0
0
0
0
0
0
0
0
0
0
0
0
0
0
0
0
0
0
0
0
0
0
0
0
0
0
0
0
0
0
0
0
0
0
0
0
0
0
0
0
0
0
0
0
0
0
0
0
0
0
0
0
0
0
0
0
0
0
0
0
0
0
0
0
0
0
0
0
0
0
0
0
0
0
0
0
0
0
0
0
0
0
0
0
0
0
0
0
0
0
0
0
0
0
0
0
0
0
0
0
0
0
0
0
0
0
0
0
0
0
0
0
0
0
0
0
0
0
0
0
0
0
0
0
0
0
0
0
0
0
0
0
0
0
0
0
0
0
0
0
0
0
0
0
0
0
0
0
0
0
0
0
0
0
0
0
0
0
