0
94488
262747
605757
1055696
1555580
1953724
2549851
3420219
4448261
5140039
6030429
7224827
8098364
8768654
9854775
11262041
12554769
13802485
15262936
16645335
18740284
19757375
21074432
22342689
24173819
25864165
27184900
29147550
30898515
32214835
33862811
35050124
37406294
39311666
41008538
42678826
44982513
46717790
48635726
50782428
51781101
54478169
56410009
58188796
60936184
62974793
64874829
67267433
70014694
72588188
74825232
76736397
78596749
81663922
83346069
85238719
87970851
90138766
91839421
93488347
96602527
99580077
102194631
104279339
106244919
108878204
111999821
113590272
115605659
118538123
121272635
122987010
124979197
128028700
130571641
133635267
135589592
138967802
141906438
143852547
146158941
148684710
151158665
153964172
156134811
157695191
160355897
161453816
163908044
165913814
168517843
170772757
174159736
176568871
179931072
183910111
186799330
189302947
192801270
195413204
197628313
199099418
201388973
204794210
207663913
211385503
214268623
217429210
219805390
221930254
223507419
227043939
230069799
232822678
235677921
239157120
241304140
244741191
247440410
249504466
253148346
256557284
259868591
261826106
265171942
269643217
273437382
276855470
279136138
281915368
284632978
286747818
289539324
291821274
294577149
296764771
299706786
302017945
304626638
306790160
308510215
310541194
313506331
316320796
318947795
320967363
323327476
327136077
329406348
332132120
335743608
338702939
340275607
343319947
346131591
350042504
352871561
354885654
356922490
359169814
361440907
363889543
366062939
369727262
371642426
374616919
378611268
381222048
384118299
387549424
390094671
392269501
394356299
397258094
400107303
404208946
406034731
409878616
411841436
415123343
416513188
419136405
422233873
426787939
429018497
432232704
433910312
436854977
440033367
442063489
444978975
448029639
451859497
454553519
456132212
458359336
460447457
464296951
466096164
470392885
472941068
475284991
478284417
482734723
485248188
487774975
490113593
491222450
493177175
497190484
498976004
501057737
503659430
505964932
508013231
511729926
514327624
516617015
519841284
522379820
525607099
528351798
531254689
533989069
538206993
540611725
543989812
545345012
548606442
551348063
556405414
559363808
562570662
565404916
569299871
571741206
575730596
577427316
580901040
582854706
585327153
588333496
591382882
594461642
596412792
598822553
601075423
604225288
610045933
613842228
615688942
617681958
619723966
622033034
625472828
628728264
632520230
634947316
636424170
638874859
640716537
642596975
644957667
649108380
652048308
655125040
658545231
662277758
664138071
667199303
670540255
673726222
677176804
680726078
683118517
686474649
689706149
693002268
696585758
700712272
703349824
706627004
709013588
710497227
712503055
715947069
718428926
720430033
725013803
727131010
730332226
733844699
737674593
739349179
742028941
744844600
746416394
749687673
752074421
753983653
756416513
759542057
762060391
763918455
767211237
768546958
770571423
773661866
775912736
778236225
779233872
782165030
783428585
785508708
