0
34
131
323
569
866
1276
1687
2127
2563
3018
3518
3943
4324
4766
5126
5512
5951
6347
6777
7269
7704
8204
8722
9181
9648
10078
10472
10940
11356
11798
12284
12699
13150
13586
14006
14451
14906
15384
15742
16101
16521
16990
17500
17933
18390
18813
19297
19771
20292
20694
21154
21552
21965
22382
22774
23236
23688
24175
24625
25079
25588
26047
26478
26890
27325
27773
28248
28725
29152
29599
30075
30612
31063
31488
32009
32498
32924
33344
33745
34141
34586
35034
35509
35989
36424
36905
37425
37829
38244
38620
39038
39535
39980
40397
40859
41310
41799
42281
42767
43176
43512
43886
44310
44705
45187
45721
46253
46763
47255
47771
48233
48676
49155
49605
50115
50551
50962
51437
51888
52347
52767
53179
53652
54079
54501
54906
55341
55789
56283
56770
57170
57640
58065
58503
58971
59404
59847
60346
60865
61337
61753
62134
62557
63007
63563
64027
64436
64899
65350
65819
66299
66724
67107
67525
67953
68371
68840
69255
69694
70113
70627
71085
71528
72042
72526
72959
73412
73836
74259
74707
75148
75558
75954
76423
76841
77256
77743
78219
78734
79274
79818
80266
80693
81147
81559
81967
82477
82977
83408
83894
84328
84767
85190
85669
86072
86428
86825
87228
87642
88078
88558
88985
89532
89937
90401
90855
91357
91854
92346
92805
93204
93675
94185
94558
95048
95512
95918
96347
96767
97176
97617
98067
98451
98907
99341
99797
100280
100665
101155
101670
102106
102540
102954
103448
104005
104450
104918
105328
105743
106143
106563
107010
107441
107923
108425
108913
109477
109890
110366
110767
111252
111703
112220
112628
113038
113492
113959
114420
114792
115182
115555
116082
116561
116947
117397
117915
118339
118783
119232
119711
120139
120622
121085
121475
121882
122295
122703
123150
123715
124186
124662
125149
125591
126040
126596
127067
127484
127903
128346
128782
129251
129712
130119
130497
130956
131396
131868
132303
132789
133227
133631
133973
134256
134466
134638
134764
134843
134885
134936
134946
134958
134972
134978
134985
0
0
0
0
0
0
0
0
0
0
0
0
0
0
0
0
0
0
0
0
0
0
0
0
0
0
0
0
0
0
0
0
0
0
0
0
0
0
0
0
0
0
0
0
0
0
0
0
0
0
0
0
0
0
0
0
0
0
0
0
0
0
0
0
0
0
0
0
0
0
0
0
0
0
0
0
0
0
0
0
0
0
0
0
0
0
0
0
0
0
0
0
0
0
0
0
0
0
0
0
0
0
0
0
0
0
0
0
0
0
0
0
0
0
0
0
0
0
0
0
0
0
0
0
0
0
0
0
0
0
0
0
0
0
0
0
0
0
0
0
0
0
0
0
0
0
0
0
0
0
0
0
0
0
0
0
0
0
0
0
0
0
0
0
0
0
0
0
0
0
0
0
0
0
0
0
0
0
0
0
0
0
0
0
0
0
0
0
0
0
0
0
0
0
0
0
0
0
0
0
0
0
0
0
0
0
0
0
0
0
0
0
0
0
0
0
0
0
0
0
0
0
0
0
0
0
0
0
0
0
0
0
0
0
0
0
0
0
0
0
0
0
0
0
0
0
0
0
0
0
0
0
0
0
0
0
0
0
0
0
0
0
0
0
0
0
0
0
0
0
0
0
0
0
0
0
0
0
0
0
0
0
0
0
0
0
0
0
0
0
0
0
0
0
0
0
0
0
0
0
0
0
0
0
0
0
0
0
0
0
0
0
0
0
0
0
0
0
0
0
0
0
0
0
0
0
0
0
0
0
0
0
0
0
0
0
0
0
0
0
0
0
0
0
0
0
0
0
0
0
0
0
0
0
0
0
0
0
0
0
0
0
0
0
0
0
0
0
0
0
0
0
0
0
0
0
0
0
0
0
0
0
0
0
0
0
0
0
0
0
0
0
0
0
0
0
0
0
0
0
0
0
0
0
0
0
0
0
0
0
0
0
0
0
0
0
0
0
0
0
0
0
0
0
0
0
0
0
0
0
0
0
0
0
0
0
0
0
0
0
0
0
0
0
0
0
0
0
0
0
0
0
0
0
0
0
0
0
0
0
0
0
0
0
0
0
0
0
0
0
0
0
0
0
0
0
0
0
0
0
0
0
0
0
0
0
0
0
0
0
0
0
0
0
0
0
0
0
0
0
0
0
0
0
0
0
0
0
0
0
0
0
0
0
0
0
0
0
0
0
0
0
0
0
0
0
0
0
0
0
0
0
0
0
0
0
0
0
0
0
0
0
0
0
0
0
0
0
0
0
0
0
0
0
0
0
0
0
0
0
0
0
0
0
0
0
0
0
0
0
0
0
0
0
0
0
0
0
0
0
0
0
0
0
0
0
0
0
0
0
0
0
0
0
0
0
0
0
0
0
0
0
0
0
0
0
0
0
0
0
0
0
0
0
