0
63
186
476
888
1370
1858
2398
2967
3438
3952
4465
4990
5554
6101
6586
7127
7739
8381
8960
9427
9972
10558
11114
11643
12270
12830
13447
13954
14469
15019
15597
16242
16864
17372
17989
18653
19208
19738
20310
20820
21301
21811
22435
22918
23471
24038
24658
25225
25742
26268
26803
27385
27992
28608
29201
29793
30376
30948
31564
32178
32792
33294
33846
34400
35028
35545
36121
36742
37298
37851
38433
38974
39511
40061
40604
41221
41748
42331
42883
43372
44020
44639
45247
45870
46461
46937
47476
47973
48530
49049
49641
50205
50759
51351
51974
52624
53227
53768
54303
54857
55447
56021
56701
57260
57848
58434
59081
59557
60159
60703
61315
61855
62437
62982
63564
64099
64628
65187
65786
66282
66830
67446
68007
68616
69159
69719
70274
70802
71370
71948
72556
73149
73692
74323
74882
75501
76087
76646
77153
77659
78243
78835
79409
80029
80586
81168
81766
82314
82823
83313
83859
84503
85058
85559
86247
86832
87415
87956
88494
89067
89597
90136
90785
91409
92009
92539
93126
93716
94327
94909
95468
96077
96596
97158
97729
98230
98810
99245
99760
100347
100940
101444
102058
102669
103306
103951
104508
105102
105627
106243
106864
107439
107985
108559
109145
109745
110357
110909
111421
111973
112507
113069
113663
114218
114807
115397
115965
116587
117147
117695
118245
118858
119471
120062
120644
121212
121854
122400
122921
123485
124039
124618
125175
125708
126245
126829
127374
127885
128447
128984
129537
130062
130620
131169
131730
132345
132967
133555
134132
134752
135322
135841
136345
136926
137464
138113
138790
139380
140034
140558
141152
141695
142260
142819
143399
143909
144365
144894
145459
145990
146521
147164
147760
148343
148894
149478
150049
150684
151272
151828
152362
152893
153492
154079
154718
155191
155802
156336
156868
157478
158055
158646
159196
159686
160259
160888
161470
162085
162695
163220
163715
164364
164955
165482
166019
166658
167243
167797
168332
168836
169383
169815
170188
170450
170663
170787
170876
170924
170956
170960
170976
170987
170988
170993
0
0
0
0
0
0
0
0
0
0
0
0
0
0
0
0
0
0
0
0
0
0
0
0
0
0
0
0
0
0
0
0
0
0
0
0
0
0
0
0
0
0
0
0
0
0
0
0
0
0
0
0
0
0
0
0
0
0
0
0
0
0
0
0
0
0
0
0
0
0
0
0
0
0
0
0
0
0
0
0
0
0
0
0
0
0
0
0
0
0
0
0
0
0
0
0
0
0
0
0
0
0
0
0
0
0
0
0
0
0
0
0
0
0
0
0
0
0
0
0
0
0
0
0
0
0
0
0
0
0
0
0
0
0
0
0
0
0
0
0
0
0
0
0
0
0
0
0
0
0
0
0
0
0
0
0
0
0
0
0
0
0
0
0
0
0
0
0
0
0
0
0
0
0
0
0
0
0
0
0
0
0
0
0
0
0
0
0
0
0
0
0
0
0
0
0
0
0
0
0
0
0
0
0
0
0
0
0
0
0
0
0
0
0
0
0
0
0
0
0
0
0
0
0
0
0
0
0
0
0
0
0
0
0
0
0
0
0
0
0
0
0
0
0
0
0
0
0
0
0
0
0
0
0
0
0
0
0
0
0
0
0
0
0
0
0
0
0
0
0
0
0
0
0
0
0
0
0
0
0
0
0
0
0
0
0
0
0
0
0
0
0
0
0
0
0
0
0
0
0
0
0
0
0
0
0
0
0
0
0
0
0
0
0
0
0
0
0
0
0
0
0
0
0
0
0
0
0
0
0
0
0
0
0
0
0
0
0
0
0
0
0
0
0
0
0
0
0
0
0
0
0
0
0
0
0
0
0
0
0
0
0
0
0
0
0
0
0
0
0
0
0
0
0
0
0
0
0
0
0
0
0
0
0
0
0
0
0
0
0
0
0
0
0
0
0
0
0
0
0
0
0
0
0
0
0
0
0
0
0
0
0
0
0
0
0
0
0
0
0
0
0
0
0
0
0
0
0
0
0
0
0
0
0
0
0
0
0
0
0
0
0
0
0
0
0
0
0
0
0
0
0
0
0
0
0
0
0
0
0
0
0
0
0
0
0
0
0
0
0
0
0
0
0
0
0
0
0
0
0
0
0
0
0
0
0
0
0
0
0
0
0
0
0
0
0
0
0
0
0
0
0
0
0
0
0
0
0
0
0
0
0
0
0
0
0
0
0
0
0
0
0
0
0
0
0
0
0
0
0
0
0
0
0
0
0
0
0
0
0
0
0
0
0
0
0
0
0
0
0
0
0
0
0
0
0
0
0
0
0
0
0
0
0
0
0
0
0
0
0
