0
84
273
595
1017
1607
2169
2719
3305
3992
4622
5227
5872
6519
7143
7729
8358
8967
9708
10398
11143
11793
12484
13127
13779
14399
15069
15656
16140
16759
17425
18146
18766
19352
19994
20622
21357
21956
22668
23332
23941
24580
25215
25937
26661
27332
28087
28797
29465
30109
30834
31447
32023
32710
33429
34075
34707
35338
36002
36680
37414
38066
38756
39430
40054
40698
41322
41965
42671
43344
43993
44662
45325
46036
46648
47265
47971
48529
49174
49825
50449
51179
51894
52542
53208
53876
54587
55258
55879
56524
57282
57939
58556
59241
59880
60498
61125
61723
62286
62908
63535
64226
64943
65560
66193
66924
67624
68265
68943
69623
70321
70958
71649
72213
72835
73458
74096
74803
75410
76098
76761
77530
78211
78874
79470
80126
80705
81337
81969
82599
83341
84084
84763
85433
86109
86778
87505
88187
88851
89570
90217
90872
91540
92196
92805
93452
94097
94689
95335
95965
96711
97327
97990
98658
99332
99999
100573
101225
101942
102669
103274
103883
104552
105201
105860
106605
107276
107946
108680
109357
109972
110552
111271
111957
112551
113182
113819
114403
115037
115682
116346
117084
117749
118380
119081
119755
120482
121165
121872
122450
123080
123727
124430
125091
125733
126449
127121
127773
128394
129080
129731
130370
131002
131641
132241
132915
133661
134327
134941
135592
136245
136869
137522
138165
138896
139610
140226
140818
141497
142225
142894
143562
144172
144817
145485
146112
146678
147353
148015
148688
149355
150118
150814
151463
152258
152973
153628
154300
154966
155644
156319
156945
157543
158188
158827
159484
160088
160762
161410
162072
162670
163256
163938
164551
165207
165902
166578
167260
167970
168613
169274
169977
170667
171295
171909
172479
173190
173887
174464
175132
175812
176459
177122
177808
178359
179041
179683
180441
181171
181848
182439
183079
183772
184411
185062
185711
186352
187031
187730
188382
188956
189600
190299
191002
191639
192265
192895
193632
194326
195034
195713
196244
196777
197168
197429
197621
197736
197831
197888
197920
197944
197966
197978
197982
197989
0
0
0
0
0
0
0
0
0
0
0
0
0
0
0
0
0
0
0
0
0
0
0
0
0
0
0
0
0
0
0
0
0
0
0
0
0
0
0
0
0
0
0
0
0
0
0
0
0
0
0
0
0
0
0
0
0
0
0
0
0
0
0
0
0
0
0
0
0
0
0
0
0
0
0
0
0
0
0
0
0
0
0
0
0
0
0
0
0
0
0
0
0
0
0
0
0
0
0
0
0
0
0
0
0
0
0
0
0
0
0
0
0
0
0
0
0
0
0
0
0
0
0
0
0
0
0
0
0
0
0
0
0
0
0
0
0
0
0
0
0
0
0
0
0
0
0
0
0
0
0
0
0
0
0
0
0
0
0
0
0
0
0
0
0
0
0
0
0
0
0
0
0
0
0
0
0
0
0
0
0
0
0
0
0
0
0
0
0
0
0
0
0
0
0
0
0
0
0
0
0
0
0
0
0
0
0
0
0
0
0
0
0
0
0
0
0
0
0
0
0
0
0
0
0
0
0
0
0
0
0
0
0
0
0
0
0
0
0
0
0
0
0
0
0
0
0
0
0
0
0
0
0
0
0
0
0
0
0
0
0
0
0
0
0
0
0
0
0
0
0
0
0
0
0
0
0
0
0
0
0
0
0
0
0
0
0
0
0
0
0
0
0
0
0
0
0
0
0
0
0
0
0
0
0
0
0
0
0
0
0
0
0
0
0
0
0
0
0
0
0
0
0
0
0
0
0
0
0
0
0
0
0
0
0
0
0
0
0
0
0
0
0
0
0
0
0
0
0
0
0
0
0
0
0
0
0
0
0
0
0
0
0
0
0
0
0
0
0
0
0
0
0
0
0
0
0
0
0
0
0
0
0
0
0
0
0
0
0
0
0
0
0
0
0
0
0
0
0
0
0
0
0
0
0
0
0
0
0
0
0
0
0
0
0
0
0
0
0
0
0
0
0
0
0
0
0
0
0
0
0
0
0
0
0
0
0
0
0
0
0
0
0
0
0
0
0
0
0
0
0
0
0
0
0
0
0
0
0
0
0
0
0
0
0
0
0
0
0
0
0
0
0
0
0
0
0
0
0
0
0
0
0
0
0
0
0
0
0
0
0
0
0
