0
81329
229733
421517
712528
1189984
1690696
2200496
2675698
3259460
3973664
4847445
5512130
6389733
7434506
8285316
9133482
10211098
11248028
12161402
13395684
14688376
15583448
16755001
17713988
19262343
20604093
22247639
23671386
24814078
26416326
28432901
29919404
31795004
33267890
34255074
35517122
37293976
39469815
41000346
43070933
44914466
47260710
49507530
50934905
52302153
53477416
54983744
56904353
59864041
62630134
64318224
66815792
68642091
70074616
71690000
73558301
74875066
76202294
78726272
80612522
81912312
84572315
86180727
88571190
90681550
92601764
94453705
95919288
97648298
101040159
102258563
105395641
107711290
109521180
112404517
115402403
117334701
118666986
120951919
123823901
125316452
128010907
129929206
132442379
135394517
138565983
140318914
141841441
143843147
145855881
147830912
150089470
151353542
153731133
155540399
158376840
160499807
162673250
164858885
167657687
170531676
172653052
175078692
177677096
179501943
182915756
185807706
187448579
189095673
192087455
194685463
197302918
199133715
202260389
204930646
206829776
208804588
211017855
213048983
215864088
218051083
219565232
221510443
223197729
225526727
228305458
229709551
232496582
234130357
237259673
240380307
243393466
245554042
250095492
251787836
255228642
257850852
261115969
264329632
266904687
269875006
271723971
272967404
275274048
277585857
279614397
283026195
284888712
287446771
289814478
291990225
293313257
296632846
300115204
302963925
305083303
306544715
307866885
310307285
312667063
314493193
317625975
319612095
322174075
323853149
325333601
327415281
329444466
331388718
333714945
337172483
338772608
343286994
345328694
347890992
349170690
352950712
356117075
358868033
360162256
362235760
365148380
367227808
369264386
371143638
372815352
375309063
376910287
379645920
381895513
384207093
386753840
388669857
391189159
394849860
396183521
399103234
402395239
404354686
406052581
408773688
412560091
414427026
417411217
419861409
421499841
422813076
424773579
426613958
427220873
429041045
432080382
434560419
437050418
439977538
443388521
447072640
449884989
452429969
453927628
455304417
458059967
460546972
463170693
465376153
467893879
470603051
472849037
474921725
478600303
481314525
483755143
486545834
490446391
492526278
495616792
498420965
501066838
503277771
505078078
506766784
509135353
510114758
512287834
515004934
516673475
519769952
522206324
523808825
526261502
529766734
532083721
533646882
535372282
538973860
541067015
543460273
544951276
547573051
549036221
550669924
552527418
554819051
558999655
561254208
563660601
564927426
567208889
568241212
570751991
572797057
574422263
577156777
579963189
581433558
583915729
586559094
588843307
591334366
593893238
595335105
598187291
599879640
603492131
605922716
607393662
609072741
612045516
613931121
616091067
617793571
619565080
620873871
623034567
627320365
630887138
632974275
635267401
637894547
640933031
644318915
647633657
649656908
651937008
654027226
655939288
657459137
660002224
661877930
663577220
664848620
666219243
668489554
669719951
