0
13579
57661
149230
162617
179463
291423
391181
498892
583471
752927
898282
938333
1116159
1319703
1523460
1638476
1729999
1827828
1905428
2035959
2248262
2503649
2932982
3043786
3192821
3672381
3928044
4023686
4127466
4332933
4846832
5133144
5648149
5849107
6359563
6548777
6963580
7281037
7666385
7978034
8234369
8234369
8244497
8540635
8908139
9248698
9660439
9818712
10177902
10501166
10903697
11591313
12023778
12369773
12659603
12938888
13530897
13676439
14038473
14257251
14490122
14855128
15447627
15692075
16235391
16372225
16566533
16566533
17513201
17692759
17930847
18402779
18846295
19255572
20159907
20499518
20709609
21186742
21398996
21834162
22277967
22467014
22988896
23216505
23557254
23646358
24421860
24832132
26268341
26498105
26693714
26998821
27677967
28113907
28376623
28784828
29029382
29060144
29608007
30180179
30351230
30412598
30662112
31508310
32042396
32718807
32886670
32992681
33295419
34364412
34364412
34513683
34725415
35150250
35741113
36151999
36379740
36665410
36951438
37292136
37360793
37772498
37942275
38798402
39294402
39853016
40397652
40926621
41169945
41973511
42992444
43291687
43755879
44380915
44624810
44938409
45195898
46013695
46172579
46832945
47515750
47875343
48172400
48816545
49493152
49987478
50190672
50292042
50477783
50592576
50709696
51094265
51251278
51643373
51895796
51987051
52501621
53210351
53680286
53929873
54155401
54226255
54300275
54541999
55051336
56207611
56772156
57323491
57367413
58013672
58797251
59012866
59448996
59717274
60152836
60264057
60383522
60582102
60735314
60957938
61144973
61226463
61654024
61765886
61765886
62455109
62631137
63379465
63464320
64015597
64921443
65301815
65379762
65976811
66264251
66456852
66937262
67075107
67337070
67759106
68127517
68186917
68254865
69005363
69653586
70117839
70336994
71069402
71473429
71852036
72001418
72628810
72803206
73278831
73680688
73761190
74125819
74474637
74505021
74652555
75839787
77674857
78059693
78890655
79844189
79968780
80180841
80419779
80809238
81716870
81929612
82176996
82802211
83072622
83271503
83612229
84065891
84567130
85395379
85395379
85713694
86012413
86525056
87173680
88401882
88509867
88587486
88675345
88811209
89823258
89830066
90275518
91354030
91891853
92461827
93187691
94103448
94225985
94314923
94727079
95216592
95545583
95963588
96493269
96965330
97301925
97751771
98207349
98727851
98981584
99437165
99630219
99806225
100116135
100755339
100852325
101713169
102199057
102414878
102652595
103414314
103898558
104327288
104760079
105107112
105671042
106194523
106378330
106823555
107132617
107227712
107612253
107864299
108243707
108439028
108548055
108625874
108800661
108814103
109048807
109214269
109569719
109977494
110644097
111050961
111192024
111673965
112034312
112034312
0
0
0
0
0
0
0
0
0
0
0
0
0
0
0
0
0
0
0
0
0
0
0
0
0
0
0
0
0
0
0
0
0
0
0
0
0
0
0
0
0
0
0
0
0
0
0
0
0
0
0
0
0
0
0
0
0
0
0
0
0
0
0
0
0
0
0
0
0
0
0
0
0
0
0
0
0
0
0
0
0
0
0
0
0
0
0
0
0
0
0
0
0
0
0
0
0
0
0
0
0
0
0
0
0
0
0
0
0
0
0
0
0
0
0
0
0
0
0
0
0
0
0
0
0
0
0
0
0
0
0
0
0
0
0
0
0
0
0
0
0
0
0
0
0
0
0
0
0
0
0
0
0
0
0
0
0
0
0
0
0
0
0
0
0
0
0
0
0
0
0
0
0
0
0
0
0
0
0
0
0
0
0
0
0
0
0
0
0
0
0
0
0
0
0
0
0
0
0
0
0
0
0
0
0
0
0
0
0
0
0
0
0
0
0
0
0
0
0
0
0
0
0
0
0
0
0
0
0
0
0
0
0
0
0
0
0
0
0
0
0
0
0
0
0
0
0
0
0
0
0
0
0
0
0
0
0
0
0
0
0
0
0
0
0
0
0
0
0
0
0
0
0
0
0
0
0
0
0
0
0
0
0
0
0
0
0
0
0
0
0
0
0
0
0
0
0
0
0
0
0
0
0
0
0
0
0
0
0
0
0
0
0
0
0
0
0
0
0
0
0
0
0
0
0
0
0
0
0
0
0
0
0
0
0
0
0
0
0
0
0
0
0
0
0
0
0
0
0
0
0
0
0
0
0
0
0
0
0
0
0
0
0
0
0
0
0
0
0
0
0
0
0
0
0
0
0
0
0
0
0
0
0
0
0
0
0
0
0
0
0
0
0
0
0
0
0
0
0
0
0
0
0
0
0
0
0
0
0
0
0
0
0
0
0
0
0
0
0
0
0
0
0
0
0
0
0
0
0
0
0
0
0
0
0
0
0
