0
12
34
64
105
165
278
433
575
706
849
957
1097
1252
1333
1476
1610
1745
1885
2008
2183
2343
2484
2666
2834
3000
3173
3294
3412
3554
3695
3823
3979
4181
4331
4452
4582
4740
4860
4990
5141
5310
5441
5579
5696
5854
6045
6136
6262
6426
6585
6682
6796
6998
7103
7278
7438
7602
7768
7995
8137
8280
8439
8572
8720
8943
9045
9215
9327
9459
9609
9751
9887
10053
10224
10328
10425
10618
10782
10955
11102
11175
11314
11474
11708
11898
12105
12230
12351
12494
12687
12837
12965
13104
13280
13405
13618
13775
13962
14146
14297
14415
14559
14700
14794
14919
15026
15199
15332
15496
15606
15743
15894
16026
16236
16405
16542
16713
16855
16941
17078
17203
17308
17442
17609
17748
17893
18099
18270
18443
18620
18794
18939
19056
19258
19407
19525
19688
19773
19900
20030
20183
20320
20433
20575
20747
20916
21066
21253
21412
21563
21781
21925
22027
22162
22349
22554
22684
22801
22987
23131
23245
23404
23568
23692
23869
24043
24195
24315
24485
24600
24788
24958
25090
25210
25386
25629
25768
25964
26073
26180
26296
26436
26708
26859
26995
27104
27205
27363
27487
27599
27715
27852
27989
28211
28403
28548
28718
28860
29021
29203
29384
29505
29648
29746
29878
30042
30210
30352
30511
30672
30821
30958
31118
31290
31408
31537
31693
31772
31923
32087
32242
32419
32589
32759
32885
33113
33282
33430
33578
33700
33809
33946
34154
34295
34443
34598
34738
34898
35043
35169
35305
35448
35557
35669
35824
35963
36093
36323
36526
36709
36866
36972
37101
37271
37425
37522
37637
37860
38024
38168
38333
38492
38603
38789
38933
39043
39154
39319
39443
39593
39727
39895
40046
40171
40291
40483
40575
40740
40925
41093
41276
41412
41537
41697
41879
42034
42150
42294
42470
42663
42813
43060
43209
43359
43496
43747
43833
43982
44108
44241
44372
44517
44591
44708
44745
44801
44830
44883
44896
44935
44955
44959
44974
0
0
0
0
0
0
0
0
0
0
0
0
0
0
0
0
0
0
0
0
0
0
0
0
0
0
0
0
0
0
0
0
0
0
0
0
0
0
0
0
0
0
0
0
0
0
0
0
0
0
0
0
0
0
0
0
0
0
0
0
0
0
0
0
0
0
0
0
0
0
0
0
0
0
0
0
0
0
0
0
0
0
0
0
0
0
0
0
0
0
0
0
0
0
0
0
0
0
0
0
0
0
0
0
0
0
0
0
0
0
0
0
0
0
0
0
0
0
0
0
0
0
0
0
0
0
0
0
0
0
0
0
0
0
0
0
0
0
0
0
0
0
0
0
0
0
0
0
0
0
0
0
0
0
0
0
0
0
0
0
0
0
0
0
0
0
0
0
0
0
0
0
0
0
0
0
0
0
0
0
0
0
0
0
0
0
0
0
0
0
0
0
0
0
0
0
0
0
0
0
0
0
0
0
0
0
0
0
0
0
0
0
0
0
0
0
0
0
0
0
0
0
0
0
0
0
0
0
0
0
0
0
0
0
0
0
0
0
0
0
0
0
0
0
0
0
0
0
0
0
0
0
0
0
0
0
0
0
0
0
0
0
0
0
0
0
0
0
0
0
0
0
0
0
0
0
0
0
0
0
0
0
0
0
0
0
0
0
0
0
0
0
0
0
0
0
0
0
0
0
0
0
0
0
0
0
0
0
0
0
0
0
0
0
0
0
0
0
0
0
0
0
0
0
0
0
0
0
0
0
0
0
0
0
0
0
0
0
0
0
0
0
0
0
0
0
0
0
0
0
0
0
0
0
0
0
0
0
0
0
0
0
0
0
0
0
0
0
0
0
0
0
0
0
0
0
0
0
0
0
0
0
0
0
0
0
0
0
0
0
0
0
0
0
0
0
0
0
0
0
0
0
0
0
0
0
0
0
0
0
0
0
0
0
0
0
0
0
0
0
0
0
0
0
0
0
0
0
0
0
0
0
0
0
0
0
0
0
0
0
0
0
0
0
0
0
0
0
0
0
0
0
0
0
0
0
0
0
0
0
0
0
0
0
0
0
0
0
0
0
0
0
0
0
0
0
0
0
0
