0
40580
97957
182543
236110
337000
681381
1141884
1384271
1784861
2008021
2206517
2428439
2838982
3219054
3702882
3733200
4102267
4578277
4905514
5412054
5949313
6808221
7201352
8020391
8468859
9937803
10189003
10586456
11354897
12257042
12479476
13030825
13370144
14197799
14713744
15561429
16318499
16592840
17247987
18170603
18623303
19021703
19603438
20011376
20430314
21736293
22350924
23055547
24110280
24713076
25155491
25410876
26994720
28214244
29345905
29796870
30661570
32202603
33088552
34169402
35119426
35748305
37248740
38182171
38952166
39642339
40749751
41466591
42006762
42777667
43902483
44433437
45381351
46271285
46528410
47381187
48819072
50384938
51604732
52161241
53119033
53536488
54361574
55180722
56075163
57072268
57836000
59191579
59932092
60959083
61732374
62404137
63273575
64674662
65200560
66296880
67660973
68480135
69834619
70676403
71363472
71887437
72742317
73700503
74976220
75481009
76051924
77602797
78825112
79116859
80684642
82138392
82989830
84157573
85303615
86533971
88148055
89377571
89581975
90311469
91204692
91340362
92820300
93695246
95432566
96249867
97238087
98127087
99266780
100361177
101026730
102183521
103508793
104695287
105921859
106730860
107704685
108022377
108589666
108988667
109662928
110160787
110442442
110996044
111593311
113039476
114206771
116349510
117215651
119006781
120246142
121611843
122782289
123940482
125211126
125557019
126727727
127837422
128359629
129621916
130447380
131025751
132341461
133067381
134103261
135472213
136603670
137432760
138727059
139792900
140903503
142308220
143540248
144927335
145593473
146760352
147845083
150027218
150900271
151275595
151693102
152594239
154188020
155744919
156977201
157307127
157805240
159077878
159778058
160261309
161218489
162617721
163571956
164148020
165519785
166649957
168493553
169328726
170490852
171481319
172361022
173839430
175646678
176051371
176671111
177751522
178811295
180320727
181339756
182157047
183499049
184635111
185855396
187375059
187962622
188881578
189611101
190191499
190708657
191911751
192591267
193673051
194520985
195962897
196852686
197132641
198857394
199454042
200616642
201342788
201899661
203113145
204320778
205802804
206554404
206948416
208028839
208376556
208850155
210671308
211615740
211999064
212993011
214342523
215490533
216509673
216861588
218652470
220546836
222620208
223240623
223487998
224074398
225316517
225576400
226999606
227608924
229272600
230265140
230848655
231532965
232758223
234332008
235371314
236665671
237176605
237442972
238789347
239751020
240453869
240861480
241547457
242770570
242990135
244315636
244775732
245835890
246817918
248025433
248884067
249784210
250832098
252342257
252778389
253465172
254153458
254667191
255187695
257074536
258016066
259152125
260637990
262244385
262758372
263902802
265662379
266512541
268326879
269592287
269886213
271322763
272145147
273941201
274575855
275667512
277071191
277553137
278429259
278595330
279269105
279556743
279952219
280236361
0
0
0
0
0
0
0
0
0
0
0
0
0
0
0
0
0
0
0
0
0
0
0
0
0
0
0
0
0
0
0
0
0
0
0
0
0
0
0
0
0
0
0
0
0
0
0
0
0
0
0
0
0
0
0
0
0
0
0
0
0
0
0
0
0
0
0
0
0
0
0
0
0
0
0
0
0
0
0
0
0
0
0
0
0
0
0
0
0
0
0
0
0
0
0
0
0
0
0
0
0
0
0
0
0
0
0
0
0
0
0
0
0
0
0
0
0
0
0
0
0
0
0
0
0
0
0
0
0
0
0
0
0
0
0
0
0
0
0
0
0
0
0
0
0
0
0
0
0
0
0
0
0
0
0
0
0
0
0
0
0
0
0
0
0
0
0
0
0
0
0
0
0
0
0
0
0
0
0
0
0
0
0
0
0
0
0
0
0
0
0
0
0
0
0
0
0
0
0
0
0
0
0
0
0
0
0
0
0
0
0
0
0
0
0
0
0
0
0
0
0
0
0
0
0
0
0
0
0
0
0
0
0
0
0
0
0
0
0
0
0
0
0
0
0
0
0
0
0
0
0
0
0
0
0
0
0
0
0
0
0
0
0
0
0
0
0
0
0
0
0
0
0
0
0
0
0
0
0
0
0
0
0
0
0
0
0
0
0
0
0
0
0
0
0
0
0
0
0
0
0
0
0
0
0
0
0
0
0
0
0
0
0
0
0
0
0
0
0
0
0
0
0
0
0
0
0
0
0
0
0
0
0
0
0
0
0
0
0
0
0
0
0
0
0
0
0
0
0
0
0
0
0
0
0
0
0
0
0
0
0
0
0
0
0
0
0
0
0
0
0
0
0
0
0
0
0
0
0
0
0
0
0
0
0
0
0
0
0
0
0
0
0
0
0
0
0
0
0
0
0
0
0
0
0
0
0
0
0
0
0
0
0
0
0
0
0
0
0
0
0
0
0
0
0
0
0
0
0
0
0
0
0
0
0
0
0
0
0
0
0
0
0
0
0
0
0
0
0
0
0
0
0
0
0
0
0
0
0
0
0
0
0
0
0
0
0
0
0
0
0
0
0
0
0
0
0
0
0
