0
64384
148454
329552
443233
722639
926542
1234854
1631025
1982269
2432865
2813680
3502664
3850999
4046322
4538144
5223527
5662681
6611950
7396947
8287152
8804056
9295485
10081024
10917771
11590318
12805965
13578452
14563579
15386853
16032668
16681204
17638974
18652017
19463096
20263263
21296714
22015045
22969122
24284428
24977013
26069606
27006231
27706807
28394483
29341045
29771839
30320095
31404442
32237145
33996562
35744150
36722241
37895336
38617877
40236626
41706164
42702075
43646674
45177422
46607643
48283354
49451634
51514407
53372138
54744008
55270717
55934559
57261072
58609931
59426862
61230055
62489353
64053806
65418523
66482480
68596363
69678960
71266283
73183471
73815853
75419483
76830356
78832394
80328855
81869081
83035273
84222681
85193566
86585807
87154738
88248286
89044713
90611139
91680263
92854463
94713022
95983715
97181998
98510842
99447404
100519457
102179815
104112055
105903992
107980099
109167230
110826998
111793570
113254986
115007735
116218965
117946374
119666761
121405497
121907321
123610733
124724881
126637361
129007277
130063996
130716343
131799637
133212582
134572999
136147364
137596030
140067909
141993652
143689021
144517413
146374799
146855169
149202180
150795605
151613802
153256873
154133311
155306071
155644625
156963928
158372045
159652800
161631894
163321091
164705650
166595098
168156683
169203529
170965508
171974950
173290230
174911836
175811738
176675450
177510460
178829490
179314073
180014844
181315208
183705927
184752140
185264352
186414258
187857214
189138528
191735538
193158473
194728370
196443511
198377178
199896915
200467591
201714714
203299846
204661810
205068426
206795471
207392285
208690584
209888319
211779175
213109525
214832537
216663160
217915563
219659168
220792943
222695365
224071081
225847587
226647398
228158516
229773252
231066262
232703323
234838038
236047951
237039598
238354799
239055294
240606993
242420631
243895341
245266426
247184846
248571269
249546377
251071047
252488402
253808264
254798610
255745201
256920198
257737634
259499035
261008820
262448788
263462202
265265270
265904970
266840935
267856176
269772532
271424895
273090068
274316540
275595123
277637205
279606646
280798508
281591893
283144016
284453249
285325023
286724715
287642933
288907541
289900364
290908202
292707171
294164418
295466800
297314293
298530358
299612626
300456042
301902805
302212039
303178783
304428480
305443235
306168789
307901820
309528030
311062742
312185376
314738604
316953104
318415541
319042717
321155654
322251773
323519412
325066215
326539400
327102472
328590595
329502559
332324369
333846685
335143507
336259340
337258487
338531659
340492141
342743621
344707715
345737974
346981757
349477726
350287419
351317404
353351593
354595687
355901030
357949348
359532457
361068718
362058351
362735172
364171978
365635473
366921870
368350250
369137297
370648297
372559237
373916188
374902789
375583761
377036837
379050758
380180560
382741155
384059273
384977722
386129896
386571638
387654808
388856492
389927855
390474537
390867225
0
0
0
0
0
0
0
0
0
0
0
0
0
0
0
0
0
0
0
0
0
0
0
0
0
0
0
0
0
0
0
0
0
0
0
0
0
0
0
0
0
0
0
0
0
0
0
0
0
0
0
0
0
0
0
0
0
0
0
0
0
0
0
0
0
0
0
0
0
0
0
0
0
0
0
0
0
0
0
0
0
0
0
0
0
0
0
0
0
0
0
0
0
0
0
0
0
0
0
0
0
0
0
0
0
0
0
0
0
0
0
0
0
0
0
0
0
0
0
0
0
0
0
0
0
0
0
0
0
0
0
0
0
0
0
0
0
0
0
0
0
0
0
0
0
0
0
0
0
0
0
0
0
0
0
0
0
0
0
0
0
0
0
0
0
0
0
0
0
0
0
0
0
0
0
0
0
0
0
0
0
0
0
0
0
0
0
0
0
0
0
0
0
0
0
0
0
0
0
0
0
0
0
0
0
0
0
0
0
0
0
0
0
0
0
0
0
0
0
0
0
0
0
0
0
0
0
0
0
0
0
0
0
0
0
0
0
0
0
0
0
0
0
0
0
0
0
0
0
0
0
0
0
0
0
0
0
0
0
0
0
0
0
0
0
0
0
0
0
0
0
0
0
0
0
0
0
0
0
0
0
0
0
0
0
0
0
0
0
0
0
0
0
0
0
0
0
0
0
0
0
0
0
0
0
0
0
0
0
0
0
0
0
0
0
0
0
0
0
0
0
0
0
0
0
0
0
0
0
0
0
0
0
0
0
0
0
0
0
0
0
0
0
0
0
0
0
0
0
0
0
0
0
0
0
0
0
0
0
0
0
0
0
0
0
0
0
0
0
0
0
0
0
0
0
0
0
0
0
0
0
0
0
0
0
0
0
0
0
0
0
0
0
0
0
0
0
0
0
0
0
0
0
0
0
0
0
0
0
0
0
0
0
0
0
0
0
0
0
0
0
0
0
0
0
0
0
0
0
0
0
0
0
0
0
0
0
0
0
0
0
0
0
0
0
0
0
0
0
0
0
0
0
0
0
0
0
0
0
0
0
0
0
0
0
0
0
0
0
0
0
0
0
0
0
0
0
0
0
0
0
0
0
0
0
0
0
0
0
0
0
0
0
0
0
0
0
0
0
0
0
0
0
0
0
0
0
0
0
0
0
0
0
0
0
0
0
0
0
0
0
0
0
0
0
0
0
0
0
0
0
0
0
0
0
0
0
0
0
0
0
0
0
0
0
0
0
0
0
0
0
0
0
0
0
0
0
0
0
0
