0
18
68
139
223
389
580
785
1015
1214
1424
1608
1826
2013
2309
2579
2816
3062
3280
3510
3737
3909
4163
4368
4607
4871
5162
5410
5608
5819
6098
6314
6552
6767
7038
7247
7492
7658
7934
8173
8400
8650
8860
9105
9372
9605
9847
10107
10340
10677
10923
11087
11275
11466
11649
11892
12057
12343
12543
12766
13031
13250
13558
13819
14093
14388
14709
14889
15178
15438
15677
15915
16181
16411
16597
16799
17018
17229
17507
17783
18023
18242
18476
18706
18970
19272
19503
19714
19943
20156
20419
20692
20926
21103
21298
21479
21773
22033
22282
22519
22758
23020
23254
23559
23808
24015
24186
24503
24703
24900
25149
25343
25630
25812
26084
26304
26523
26775
26977
27282
27493
27769
28007
28298
28544
28788
29029
29259
29527
29784
29979
30225
30485
30751
30979
31182
31423
31693
31917
32181
32418
32730
32987
33229
33503
33763
33981
34215
34436
34659
34886
35085
35293
35490
35816
36079
36299
36536
36809
37082
37313
37544
37749
38009
38253
38504
38685
38940
39117
39392
39630
39843
40084
40280
40566
40792
41031
41309
41479
41768
42016
42235
42435
42680
42933
43223
43437
43744
44025
44238
44463
44738
44989
45169
45391
45718
45906
46127
46321
46554
46812
47075
47339
47611
47857
48109
48286
48568
48811
49030
49310
49526
49747
49973
50262
50490
50717
50901
51112
51336
51607
51874
52114
52343
52594
52834
53013
53225
53453
53701
53898
54152
54397
54649
54967
55211
55452
55664
55981
56216
56512
56740
57029
57277
57539
57824
58070
58275
58475
58670
58910
59151
59379
59665
59902
60082
60273
60472
60737
60960
61180
61421
61605
61836
62046
62285
62533
62816
63049
63278
63516
63742
63988
64269
64482
64765
65041
65271
65507
65720
65967
66234
66460
66667
66874
67153
67377
67620
67835
68096
68386
68607
68871
69114
69383
69633
69868
70068
70319
70558
70806
71038
71251
71406
71541
71654
71737
71825
71898
71960
71973
71977
71983
71987
71992
