NaN
0.005561229318428052
0.004481385850328668
0.004529845361054864
0.003941992764838244
0.0034880698003222537
0.003048265553681826
0.0030422956869689778
0.0032543381624819145
0.0035950067739474486
0.003567519205370083
0.003646746302138327
0.003826075265017516
0.00388453526577472
0.0038632505081745063
0.003978218765064681
0.004192145963025725
0.0044169936592993175
0.004502032013642771
0.00463484150179751
0.004733256257074265
0.005049541497209649
0.005039265615645071
0.005128354639285207
0.005184122210885301
0.005321612804373009
0.005422192969084254
0.0054350484924667476
0.005613213193284442
0.005727663732921041
0.0057545328586120995
0.005817865773014634
0.005818991207700414
0.0059766700213780225
0.006068758232376686
0.006129972421175221
0.006179928476411378
0.006313407362894846
0.006336397697555016
0.006400195780244192
0.0064889259363374125
0.006457703297383385
0.006612803668437364
0.006680894083728958
0.0067257868543877525
0.006890283925092219
0.006931788712763488
0.006969017754439857
0.00705617980012155
0.007168654836869866
0.007248974556271861
0.007334603873146287
0.007386727107142161
0.007419667298403176
0.007554758972512507
0.007553917072366017
0.007565472731173778
0.007682172314655628
0.007723605930251285
0.007728176639976993
0.00771071977486017
0.007818312573780304
0.007887758220723561
0.00795037352253476
0.007985305985731057
0.008007777046241636
0.008061852366696397
0.008138386392071104
0.008146330802365997
0.008150525054186989
0.008234882664408794
0.008319989283576216
0.008320307063719171
0.008355554139596405
0.008428176960756152
0.008483783880174017
0.008572480906479451
0.008564565641148164
0.008650767875186193
0.008735489321816697
0.008737206139316906
0.008763779564228039
0.008776749631628293
0.008810723574610857
0.008876899174462284
0.00890888813985718
0.008897574358121609
0.00894863754243176
0.008915112884381963
0.008941727001171806
0.008942516408787625
0.008962644378077766
0.008981465051846835
0.009048101433063211
0.009077474592650762
0.009130741222825277
0.009231023708691753
0.009275299423144368
0.009286086097903774
0.009356450187773618
0.009379704185198547
0.009389269434246363
0.009356993771343284
0.00938880665479518
0.009450414607847598
0.009485218658589631
0.009556585954075478
0.009584075929752196
0.009635159156481865
0.00963776130732165
0.009655894620359385
0.009639250613070674
0.009708612395174777
0.009738240217472157
0.0097649547328266
0.009794149081900046
0.009849708540006726
0.009847762593301695
0.009890340328090866
0.00990509022243476
0.009903473281858742
0.00995161484756618
0.010001947357974017
0.01003797761741509
0.01002932672452904
0.010078908973586995
0.010173086214460704
0.010236856416698293
0.010293656788408323
0.010292351084412147
0.01030640919549357
0.010312851466415855
0.010312736327164777
0.010328601501918349
0.010322065328384318
0.01034397826692713
0.0103352703945403
0.01036477504012799
0.01037334135389525
0.010391291432176009
0.010394252212116213
0.010380615559484802
0.010376027545285374
0.01040164701553921
0.010423755575096809
0.010443344298594861
0.01042732093015062
0.010415705015253681
0.010462221065743505
0.010460075839484101
0.010458665554992528
0.010502616526581953
0.010530964627129167
0.01051423813097816
0.010534650067369252
0.010547270657990692
0.010596735652906565
0.010615981274307285
0.010617870687532166
0.010617659091905148
0.010619589075334031
0.010623145931895606
0.010620830251541974
0.010610968110950919
0.010646216856538744
0.010633367391041326
0.010645673562132406
0.01068984537356274
0.01069152040071495
0.010707608345282069
0.010745481309528189
0.010743762894301219
0.01074769926731603
0.010738281362966737
0.010749457558909237
0.010766803912997372
0.010819338697796521
0.010807694353760083
0.010842553758647101
0.010841054340288054
0.010867917078090704
0.010842432578581333
0.01084910213696879
0.010872355814973972
0.010917096268742684
0.010904977299566802
0.010919562118580108
0.010892585606471987
0.010908775068787473
0.010920398514497002
0.01092290246600755
0.010939349143696953
0.01096494272195857
0.011002221058694969
0.011004673622219687
0.01099558774845201
0.010994136115738667
0.010987806580854928
0.011031883529835342
0.011020134838588283
0.011067011468404211
0.011064059488348736
0.011058549015769154
0.011076761433405824
0.011118169628117945
0.011111734152168972
0.011116298267769617
0.011117760505650314
0.011101632679133796
0.01108401374715726
0.011117050125470516
0.011109219250953326
0.011106436205509334
0.011107369216705321
0.011097128575891334
0.0110850414695082
0.011110870686152314
0.011114258994242794
0.011118159107695057
0.011132923615989046
0.01112483832801513
0.01114540633621375
0.011150539264546174
0.01115914954421175
0.01116945636304864
0.011208200003304051
0.011205386761545201
0.011223403473147233
0.011203121295292811
0.011216633861067403
0.011224003567038688
0.0112708190723554
0.011279532856087286
0.011291938956052886
0.011303808995628918
0.011336814719216312
0.011329433827848583
0.01136010302336676
0.011348831553388533
0.011360199473434323
0.011348995515145401
0.011346930872479568
0.011360235787558558
0.01136798566364829
0.011377559930941823
0.011374019698216125
0.011378898978059597
0.011373749878284996
0.011389419233478306
0.011455425689826907
0.011483827856310028
0.011463189768031571
0.011457494024311348
0.011455770575308033
0.011455572824752626
0.011470389566808606
0.011475959665619158
0.011502989615129593
0.011498548597350573
0.01147561600024453
0.011477549291013538
0.01147300342908064
0.011465818172262639
0.01145867552426062
0.011483937231602988
0.01149432956320952
0.011500610031114985
0.011517825480695961
0.011534016508447527
0.011517772028721956
0.011524609887280029
0.011535134099513981
0.011545784071784665
0.011558696819583653
0.011569540080514522
0.011578798342355623
0.01159096647034963
0.01160276801980598
0.011620639719419122
0.01163945843057307
0.011666981279919216
0.01167336507464586
0.011686008906549321
0.011674897275389041
0.011653553609723956
0.011649578936305511
0.011669283319783948
0.0116738995434748
0.011665082068382387
0.011693163385985864
0.011688977309274082
0.011696131407480017
0.011706991976633333
0.011730389658008145
0.011717496880324009
0.011720097116510291
0.011722809808267896
0.011706412221961148
0.011722851119835627
0.011723505170511399
0.011718499881791647
0.011720334426145475
0.011740532134163862
0.011752400467443394
0.011757045825554526
0.011791330173442282
0.01179982447809606
0.011819668636663241
0.01186213164885203
0.011891005196711917
0.011924410757692964
0.011936611650366205
0.01198078640822062
0.01199981451022276
0.012030537768767802
