NaN
0.006569940181842112
0.004844807411345123
0.004481288981870615
0.004543600730473327
0.004282587749209256
0.0037913194415964526
0.003659441962276269
0.003496376242031279
0.00343006376214681
0.0034188926169600163
0.0034036020449255155
0.003775877520491001
0.00412866921264065
0.004234993941225349
0.004159311842807595
0.004242036718533458
0.004210690962098879
0.004475707347053457
0.004629727390191702
0.004713938941636892
0.004759058165957999
0.004823725746130839
0.004886971172925346
0.004827273984924328
0.005110668537026526
0.00514285004228415
0.005142934632095326
0.0054327293612159615
0.005532254222946081
0.0055738165729915965
0.005817822987575234
0.005933785211100029
0.005975198774455565
0.006174918166627196
0.00620768076776979
0.006330968897589222
0.006351444589444251
0.006433281933906111
0.006423529380489959
0.006489214290242037
0.006491946782388484
0.006561226289686728
0.006627478721330744
0.00662400997632975
0.006689274000494221
0.006798872444594135
0.007037210336584174
0.007181676674287918
0.0072267345510613696
0.007286085802253499
0.0073491572262504214
0.007416977084693217
0.007422388526474301
0.0074514168420392775
0.007503221164786726
0.007547526094563843
0.007523927981410902
0.00765920173887417
0.007714491244558279
0.007813819805720894
0.007820182889898017
0.007942440095794775
0.007971442926402809
0.007949060823137214
0.007985772997936886
0.008084682881992485
0.008134509328875838
0.008215182411946282
0.008241592248554115
0.008281563039115016
0.008347271477553894
0.008376218269357291
0.00848364191983316
0.00853049626213346
0.008620266225822395
0.008619903604842275
0.008630547542501121
0.008723233641815514
0.008744578955152451
0.008749070419737997
0.008832008309664307
0.008863728177762717
0.008888030033282928
0.008869171461686627
0.008836149231120062
0.008870414335749553
0.008936861438540625
0.008926473009007422
0.008954258027291126
0.008973714196787351
0.009050687980360926
0.00910597708736031
0.00922219695721414
0.009223753195649076
0.00918481719577057
0.009207564542951921
0.009276400604667556
0.009354695383324582
0.009355117710521731
0.00949615449180041
0.009489804263510886
0.009470334255452224
0.009493239210350259
0.009672422788206098
0.009731937888728837
0.009737658539480021
0.009693637656027793
0.009697295471821103
0.009695084116680002
0.009747460362130282
0.00973267285818906
0.009725262653095574
0.00979406546615486
0.009844001887845198
0.009889092601045322
0.009908065116223474
0.009892127181740531
0.009914457483186154
0.00989493089285736
0.00995126453643563
0.00995488241598359
0.009987419213094945
0.010082197449761588
0.010121258317755486
0.010130977739852528
0.010154747150446045
0.010122405263769165
0.010133969093260668
0.010223023173979216
0.010233751404819798
0.010296356073268523
0.010278761817370056
0.010236239773040202
0.010258406200162776
0.01033449574448434
0.010361976993023976
0.010344355302262347
0.010362339134433816
0.010391191830832104
0.010438684218281275
0.010442026516599189
0.01045960885160308
0.010517191428220713
0.010524299196769948
0.010558694762939516
0.01057944055915184
0.010604557711467698
0.010671411062856396
0.01070713067406446
0.010765778212557238
0.010769573982716774
0.01080756716649005
0.010805794182523065
0.010830599138593466
0.010806492232487726
0.010831663470117483
0.010877221986302787
0.010884743977858685
0.010886183955342063
0.01091385133937463
0.010939566879726416
0.010929764132223711
0.010952120369737143
0.010935834696241141
0.010947703460518047
0.010955559556716132
0.01094132281179436
0.010935246212844496
0.010910595550778867
0.010923735765959033
0.010950785994778422
0.010943823674785072
0.01097489066892215
0.01102450715451216
0.011030068250269594
0.011022597997669362
0.011055426386938303
0.011038865113362788
0.011013750379817985
0.011001816750966259
0.011011649398593556
0.011043941172614459
0.01107034461741933
0.011065692962884401
0.011097848483166178
0.01109402992792646
0.01105732264117654
0.011101712538766639
0.011140916009639313
0.011151285245594965
0.011205331337406558
0.011205845344729883
0.01127107536163889
0.011295178450339054
0.011268415154469651
0.011273438982237855
0.01129688154887596
0.011325608733306087
0.011311719426709999
0.011303868835445098
0.01126539454173983
0.011276025385874015
0.011272376891705634
0.01128000162106477
0.011256673058229466
0.011292263736379959
0.011298786723455087
0.01131613433172264
0.011316696593002617
0.011298663440112593
0.011297707845233363
0.011302282384748468
0.011328258175996912
0.011354347530833692
0.011358161189193736
0.011378292381552047
0.011428666528659547
0.011415117516450437
0.011402703055734122
0.011434637468211314
0.011447916247841763
0.011471531016907718
0.011473935822932917
0.011457411589153236
0.011469243185585835
0.011454307994108716
0.011447328927787973
0.011440513641897763
0.011411936463747406
0.0114232700792138
0.011435385014352581
0.011435062024699258
0.011419431221793609
0.011427029370232065
0.011435550129945946
0.011428468132827848
0.011469018727498746
0.011465162188936636
0.011501489335628595
0.011534642476806743
0.011569255995922342
0.011574055495691196
0.011589110487009308
0.01163454485065796
0.011635997733500441
0.011645442325327484
0.011640055695221054
0.011662879401330508
0.011661374313671785
0.01170070608597941
0.011693844362469012
0.011684887174510727
0.011659691886671547
0.011663333958365496
0.011694703044484835
0.011686059094234575
0.011713992205167435
0.011690501987745626
0.011725884638966986
0.011710478572918752
0.011735416666922262
0.011736398494985728
0.011724361537670808
0.01171942977839706
0.011720460837830295
0.011711705585249713
0.011693102445905013
0.011705662169221464
0.011720582575696638
0.01174719954318747
0.011738545760977527
0.011733887849398538
0.011729211372292063
0.011726981978463783
0.01171297799864357
0.011701217600943706
0.011683136432887221
0.011699691225432627
0.011694004663232085
0.011715811996198233
0.011709811118292824
0.011717171679995865
0.011716312337394954
0.011718289940128319
0.011734758524654911
0.011726641657239509
0.011753199166457092
0.011744169889974763
0.011741959772736801
0.011719833431385277
0.011726521921598282
0.011724363602659396
0.011703848079304574
0.011708795695810586
0.011714607087939248
0.011739599536860603
0.011739267206493693
0.011752516564386748
0.01175534321956143
0.011750111231641696
0.011757351592790666
0.011781917685747373
0.011817727150009488
0.01184145175478658
0.01185075944853944
0.01186352115075936
0.01186114005690459
0.011881878177937583
0.011893196800984657
0.011930719822097697
0.011951789312286768
0.01198191716478201
0.012009874852756708
0.012054298392690862
