0
10
28
64
110
152
225
323
390
466
521
602
677
756
793
873
932
1013
1105
1166
1293
1363
1433
1497
1571
1624
1698
1750
1851
1910
1996
2079
2191
2299
2370
2459
2539
2596
2692
2761
2846
2945
3060
3145
3235
3354
3466
3547
3674
3764
3863
3940
4044
4153
4231
4313
4438
4509
4610
4681
4798
4907
4968
5041
5202
5259
5381
5470
5566
5649
5693
5776
5816
5911
5986
6074
6136
6211
6286
6344
6407
6531
6615
6751
6873
6989
7120
7239
7325
7417
7535
7616
7673
7729
7800
7915
7996
8092
8155
8287
8387
8448
8564
8663
8784
8890
9004
9064
9229
9305
9398
9461
9555
9624
9677
9756
9849
9963
9993
10128
10230
10320
10377
10465
10563
10637
10728
10827
10931
11000
11095
11208
11358
11474
11541
11599
11648
11716
11808
11888
12016
12065
12134
12221
12315
12404
12486
12563
12673
12809
12970
13057
13200
13312
13445
13535
13593
13705
13798
13882
13977
14043
14105
14189
14282
14322
14419
14481
14574
14683
14760
14820
14918
15012
15107
15185
15260
15307
15395
15465
15569
15642
15730
15844
15957
16059
16121
16193
16336
16394
16471
16584
16707
16784
16864
16894
17042
17146
17258
17338
17386
17497
17585
17695
17805
17910
17967
18095
18204
18315
18426
18507
18558
18623
18722
18816
18903
19027
19159
19220
19284
19342
19412
19528
19630
19815
19891
19941
19995
20100
20195
20260
20306
20437
20543
20618
20750
20797
20872
20944
21007
21094
21240
21379
21484
21622
21743
21874
21987
22050
22117
22182
22263
22355
22440
22509
22614
22644
22735
22837
22876
22932
23032
23104
23193
23282
23373
23469
23535
23685
23751
23860
23952
24027
24114
24193
24303
24348
24421
24490
24585
24707
24812
24890
25068
25180
25279
25398
25473
25560
25682
25761
25892
25983
26054
26141
26230
26271
26343
26406
26476
26553
26640
26695
26755
26809
26848
26868
26901
26933
26943
26953
26966
0
0
0
0
0
0
0
0
0
0
0
0
0
0
0
0
0
0
0
0
0
0
0
0
0
0
0
0
0
0
0
0
0
0
0
0
0
0
0
0
0
0
0
0
0
0
0
0
0
0
0
0
0
0
0
0
0
0
0
0
0
0
0
0
0
0
0
0
0
0
0
0
0
0
0
0
0
0
0
0
0
0
0
0
0
0
0
0
0
0
0
0
0
0
0
0
0
0
0
0
0
0
0
0
0
0
0
0
0
0
0
0
0
0
0
0
0
0
0
0
0
0
0
0
0
0
0
0
0
0
0
0
0
0
0
0
0
0
0
0
0
0
0
0
0
0
0
0
0
0
0
0
0
0
0
0
0
0
0
0
0
0
0
0
0
0
0
0
0
0
0
0
0
0
0
0
0
0
0
0
0
0
0
0
0
0
0
0
0
0
0
0
0
0
0
0
0
0
0
0
0
0
0
0
0
0
0
0
0
0
0
0
0
0
0
0
0
0
0
0
0
0
0
0
0
0
0
0
0
0
0
0
0
0
0
0
0
0
0
0
0
0
0
0
0
0
0
0
0
0
0
0
0
0
0
0
0
0
0
0
0
0
0
0
0
0
0
0
0
0
0
0
0
0
0
0
0
0
0
0
0
0
0
0
0
0
0
0
0
0
0
0
0
0
0
0
0
0
0
0
0
0
0
0
0
0
0
0
0
0
0
0
0
0
0
0
0
0
0
0
0
0
0
0
0
0
0
0
0
0
0
0
0
0
0
0
0
0
0
0
0
0
0
0
0
0
0
0
0
0
0
0
0
0
0
0
0
0
0
0
0
0
0
0
0
0
0
0
0
0
0
0
0
0
0
0
0
0
0
0
0
0
0
0
0
0
0
0
0
0
0
0
0
0
0
0
0
0
0
0
0
0
0
0
0
0
0
0
0
0
0
0
0
0
0
0
0
0
0
0
0
0
0
0
0
0
0
0
0
0
0
0
0
0
0
0
0
0
0
0
0
0
0
0
0
0
0
0
0
0
0
0
0
0
0
0
0
0
0
0
0
0
0
0
0
0
0
0
0
