NaN
0.00592465025342126
0.0060888841898733516
0.0059415680634702425
0.004413742173281364
0.004909665542420706
0.004919137327775646
0.004953601334686849
0.004948641361967777
0.005023249749898412
0.005739303080025462
0.005551751006347145
0.005732613060869465
0.005661330327841402
0.006075345357152689
0.00648289162254623
0.006704527952263467
0.006447886103974427
0.006232525415037563
0.006177432490447135
0.005935381844679539
0.005822987940930988
0.005769123528763358
0.005999057344567795
0.005902149484478339
0.005710630052157047
0.005907220387910582
0.005905472902765572
0.006075619095722667
0.005967517754427766
0.005911272194035538
0.006038626665609191
0.0058639900276794945
0.00606524574435754
0.006072297534728136
0.006458211807563371
0.006531201721720751
0.006535681837939604
0.006367045673543127
0.006412393762728555
0.006421641231344474
0.0066108465684778465
0.006673212496947994
0.006703565937344283
0.006899508583859349
0.006807484477325635
0.00701358931306657
0.007008510578177423
0.007149125043621641
0.007180035870338105
0.007202376176414494
0.007192073698066329
0.007315301221430967
0.0073104101625573415
0.007522397114825048
0.0075437664111091055
0.007562458483921675
0.00771924912332422
0.007783838929525748
0.0078114521433299425
0.00791338275357351
0.007969912838865697
0.008147085368545963
0.008140242471763988
0.00813023818886729
0.008222258365479415
0.008285582974123962
0.008383051237536122
0.008441098722746284
0.008498388129576762
0.008600615907602036
0.00878221992515453
0.008793095368230943
0.008865969896920501
0.008796735571462847
0.008806141063973394
0.008801845868293284
0.008863060635464095
0.008780781395583201
0.008792393121726551
0.008786122596465459
0.008909222530736425
0.008930467952396867
0.008926857409045386
0.008814020183858592
0.00894118361129075
0.009014528170672682
0.00902622290531271
0.009067545078684965
0.009079338119740987
0.009117905978634872
0.009168126372008395
0.009293208758075239
0.00928034960713449
0.009284784981113379
0.009263251447562706
0.009370016465859554
0.009321130453037885
0.00939589380268082
0.009462578070690784
0.009466104039921097
0.009502466405556277
0.009551779501732359
0.009481146014594233
0.009432406644241172
0.009544678870767659
0.009629352387455442
0.009651552078887075
0.009748587050154196
0.009787635741963207
0.009845048584873816
0.009801937552189458
0.009840864525149796
0.00982957883691337
0.009810584567273073
0.009764302661553679
0.009898447735759592
0.01001764087276947
0.010020342532331477
0.00993978614149052
0.009939520042221834
0.00997372718790316
0.010054745983507562
0.01002961419119444
0.010024296780199895
0.01003141094367447
0.01000708048741966
0.010037242234493381
0.010175730730740339
0.010121336039921726
0.010053728287251531
0.010036735023847112
0.010040596403603828
0.009985140700509279
0.009956784439524302
0.009942067416644981
0.009942349903659298
0.009929145596879222
0.00991981752785763
0.009953288530752313
0.009931906852649863
0.010015081920080453
0.010060273970388518
0.010095785456203056
0.010110505396447039
0.010102863569527281
0.01020949673222908
0.010227703180720731
0.010222062131344337
0.010189626397023754
0.010172311251908777
0.010291586887433478
0.010370663541813636
0.010401641602883503
0.01043128099528504
0.010438043150357823
0.010580443512182248
0.010638396384877529
0.010673351641492511
0.010701927884468368
0.010762776700077309
0.010817764889603603
0.01082370767148795
0.010812274680961997
0.01077646211326037
0.010769549108952208
0.010781011135150592
0.010834055724067496
0.010833996897662934
0.010861423510980186
0.010865052616584136
0.010900802599711799
0.010932798072038313
0.011010565525529823
0.01095910799620411
0.010976946381358856
0.011015700718145241
0.011056243045120878
0.011160598907231197
0.01118896788039138
0.011197339847985084
0.011200511682163294
0.011207069820341154
0.011186283668333975
0.011190787036461878
0.01120125074360006
0.011225759038322807
0.011258301578918462
0.011286353486759436
0.011273111001657097
0.011240887184196925
0.011263460735905796
0.011263652255938944
0.011278153125244984
0.011320660622291185
0.011307279255768772
0.011311336553025714
0.011438415206200592
0.011402851930367008
0.011387520439779312
0.011387976602700108
0.011396305679408171
0.011394515233412122
0.01138333852303866
0.011329975349660251
0.0113394703605818
0.011347144800872459
0.011370034682179477
0.011373823588587594
0.011366322949609046
0.01131145616180841
0.01132618036466608
0.011324976913710011
0.011344302621885634
0.011314059331471067
0.011411171554120915
0.011382005916154984
0.011368626123708417
0.011435305841502418
0.011437265910697977
0.011448664123475187
0.011439163568795223
0.011460098441351244
0.011454570308718227
0.011459633951597999
0.011443835215962326
0.011459362860538032
0.011444546092553975
0.01143715016966771
0.011448343233463838
0.011510088859283682
0.01153242329328914
0.011527391962733904
0.01151473805442666
0.011500748844607382
0.011495350286912315
0.011533474774153452
0.011574634941355908
0.011586248244536948
0.011617257352994478
0.011666089071307308
0.01169820015193591
0.011630796972706732
0.011663046163923782
0.011639442667443427
0.011662347676003765
0.011643412490976605
0.011627809776896012
0.011665677756762846
0.011662539871463358
0.01168555146095986
0.011695534439697605
0.011724217575662799
0.011769763696534145
0.011747111322393686
0.011742282237276858
0.011697710751217621
0.011702452043782863
0.011705991089517368
0.011686561640815867
0.011679105361147465
0.011682044756588584
0.011663212442340198
0.011661385162902485
0.011661119645617784
0.01165275395707218
0.011656304866525835
0.01168602492541349
0.011768903481743587
0.011763035910802102
0.011780959768181597
0.011834238033604285
0.011869262919164477
0.011855078451164198
0.011832818747645675
0.011851209929843214
0.01182570529786421
0.011806440275009612
0.011782904170419219
0.011792460258727166
0.011790600095022391
0.011813015724766583
0.011811604002594879
0.011775542212067332
0.011778767183780918
0.011773265102752551
0.011780824512016128
0.011796503541811826
0.011804764530426974
0.011816878856680882
0.011807988070008936
0.011777172936815565
0.011768861922750323
0.01177447272819772
0.011813675588291404
0.011818387083816941
0.011842992162023402
0.011860122732695684
0.011929248795315052
0.011903329157985105
0.011887846111364963
0.011900591868117575
0.011912037559534879
0.011955122676425874
0.01196646042535688
0.01196834903671058
0.011979859847828376
0.01199099720555721
0.01198186821676289
0.01204905549258402
0.012072661605074787
0.012102812633421145
0.012121579832441538
NaN
NaN
NaN
NaN
NaN
NaN
NaN
NaN
NaN
NaN
NaN
NaN
NaN
NaN
NaN
NaN
NaN
NaN
NaN
NaN
NaN
NaN
NaN
NaN
NaN
NaN
NaN
NaN
NaN
NaN
NaN
NaN
NaN
NaN
NaN
NaN
NaN
NaN
NaN
NaN
NaN
NaN
NaN
NaN
NaN
NaN
NaN
NaN
NaN
NaN
NaN
NaN
NaN
NaN
NaN
NaN
NaN
NaN
NaN
NaN
NaN
NaN
NaN
NaN
NaN
NaN
NaN
NaN
NaN
NaN
NaN
NaN
NaN
NaN
NaN
NaN
NaN
NaN
NaN
NaN
NaN
NaN
NaN
NaN
NaN
NaN
NaN
NaN
NaN
NaN
NaN
NaN
NaN
NaN
NaN
NaN
NaN
NaN
NaN
NaN
NaN
NaN
NaN
NaN
NaN
NaN
NaN
NaN
NaN
NaN
NaN
NaN
NaN
NaN
NaN
NaN
NaN
NaN
NaN
NaN
NaN
NaN
NaN
NaN
NaN
NaN
NaN
NaN
NaN
NaN
NaN
NaN
NaN
NaN
NaN
NaN
NaN
NaN
NaN
NaN
NaN
NaN
NaN
NaN
NaN
NaN
NaN
NaN
NaN
NaN
NaN
NaN
NaN
NaN
NaN
NaN
NaN
NaN
NaN
NaN
NaN
NaN
NaN
NaN
NaN
NaN
NaN
NaN
NaN
NaN
NaN
NaN
NaN
NaN
NaN
NaN
NaN
NaN
NaN
NaN
NaN
NaN
NaN
NaN
NaN
NaN
NaN
NaN
NaN
NaN
NaN
NaN
NaN
NaN
NaN
NaN
NaN
NaN
NaN
NaN
NaN
NaN
NaN
NaN
NaN
NaN
NaN
NaN
NaN
NaN
NaN
NaN
NaN
NaN
NaN
NaN
NaN
NaN
NaN
NaN
NaN
NaN
NaN
NaN
NaN
NaN
NaN
NaN
NaN
NaN
NaN
NaN
NaN
NaN
NaN
NaN
NaN
NaN
NaN
NaN
NaN
NaN
NaN
NaN
NaN
NaN
NaN
NaN
NaN
NaN
NaN
NaN
NaN
NaN
NaN
NaN
NaN
NaN
NaN
NaN
NaN
NaN
NaN
NaN
NaN
NaN
NaN
NaN
NaN
NaN
NaN
NaN
NaN
NaN
NaN
NaN
NaN
NaN
NaN
NaN
NaN
NaN
NaN
NaN
NaN
NaN
NaN
NaN
NaN
NaN
NaN
NaN
NaN
NaN
NaN
NaN
NaN
NaN
NaN
NaN
NaN
NaN
NaN
NaN
NaN
NaN
NaN
NaN
NaN
NaN
NaN
NaN
NaN
NaN
NaN
NaN
NaN
NaN
NaN
NaN
NaN
NaN
NaN
NaN
NaN
NaN
NaN
NaN
NaN
NaN
NaN
NaN
NaN
NaN
NaN
NaN
NaN
NaN
NaN
NaN
NaN
NaN
NaN
NaN
NaN
NaN
NaN
NaN
NaN
NaN
NaN
NaN
NaN
NaN
NaN
NaN
NaN
NaN
NaN
NaN
NaN
NaN
NaN
NaN
NaN
NaN
NaN
NaN
NaN
NaN
NaN
NaN
NaN
NaN
NaN
NaN
NaN
NaN
NaN
NaN
NaN
NaN
NaN
NaN
NaN
NaN
NaN
NaN
NaN
NaN
NaN
NaN
NaN
NaN
NaN
NaN
NaN
NaN
NaN
NaN
NaN
NaN
NaN
NaN
NaN
NaN
NaN
NaN
NaN
NaN
NaN
NaN
NaN
NaN
NaN
NaN
NaN
NaN
NaN
NaN
NaN
NaN
NaN
NaN
NaN
NaN
NaN
NaN
NaN
NaN
NaN
NaN
NaN
NaN
NaN
NaN
NaN
NaN
NaN
NaN
NaN
NaN
NaN
NaN
NaN
NaN
NaN
NaN
NaN
NaN
NaN
NaN
NaN
NaN
NaN
NaN
NaN
NaN
NaN
NaN
NaN
NaN
NaN
NaN
NaN
NaN
NaN
NaN
NaN
