0
44170
88474
189429
253236
404791
508254
664761
803516
998630
1266281
1558888
1814634
2153112
2340012
2679850
3047170
3504480
4091701
4361244
4722927
5157413
5556035
5907776
6335582
6519565
6909371
7427720
7865221
8537681
8802485
9103129
9734249
10029697
10076564
10476804
11240477
11779609
12438985
12850941
13377428
14195783
14782540
15890557
16177116
16578155
17487461
18367012
19116249
19968318
20865517
21414945
21821238
22423410
23285469
23668925
24278040
24713880
25589549
26859053
27231436
28364613
29205777
29727125
30272392
30793015
31379467
32406283
33046937
34045256
34812299
35599236
36240074
36795165
36974347
37775699
38111611
39191842
39743253
40215088
40451754
41299178
41728532
42359417
43241427
43842271
44663889
45100980
46371978
46487636
47586435
48822748
49068671
49723548
50537088
51821096
52754470
53425815
54174292
54534717
54988025
56147210
57242759
57704377
58342288
59612710
60371163
61850408
62803792
63315367
64093979
65289197
66542993
67708583
67945948
69374317
70745235
71763019
72686627
73127374
73579472
74640830
75513364
76819256
77678963
78074022
78654389
79120721
80524731
81100297
81735234
82521800
83618463
84418879
84705713
85362939
85763930
86386066
87881771
88884343
89125656
89655748
90344330
92177857
93222247
93905196
94277523
95203328
96744827
97605866
99099194
99308806
99874159
101054466
101520596
102317357
103053701
103972909
104329239
105595552
106346894
106931006
108561095
109012539
110102379
110146303
110314037
111150296
111802949
112485902
112655275
113013394
113598705
113974667
115010446
115797543
116050140
116955239
117481781
117777359
118768172
119308206
119668779
120857003
121866619
123296322
124257705
124700378
126129700
126979238
128500817
129451532
129981914
130611219
131003460
131121101
131925140
132379670
132962530
133765851
134320606
134934170
135419624
136786921
137563455
138298406
139090030
139842411
140459138
140563618
141715650
142079539
142412356
143281881
143687048
144732856
145401771
146071794
146864075
147414625
148092317
148736234
150226405
151145878
151588920
152721037
153710367
154920329
155535600
155987591
157977624
158752854
160159953
160913122
161695335
162501302
163262447
163943255
164273409
165111687
165780652
166748777
167699410
168295715
169710342
170535110
170615515
171612274
172521761
175259488
175762494
176246385
177405087
178798750
179146017
180091689
180826735
181631195
182682842
183535815
184356415
185040562
185808037
186398422
186828490
187065167
187669143
188718771
189377892
189930276
190392900
190870287
192033150
193010964
193813154
194824710
196181644
197495611
197809535
198174202
199390525
200165185
200735920
201932266
202423579
202608707
204285859
204582758
205490503
206181952
206637571
207132786
207703875
208203616
208923424
208933678
209448353
210651518
211021735
212160772
212400764
212579708
213776089
214729737
215907966
216769451
217527599
220173037
220769170
221571936
222758575
224017390
225109033
225769950
227124561
227962298
229263577
230282102
231036827
231778444
232066888
232664449
234384167
234984518
235618968
236485847
236704184
237759221
238578868
240122786
240488511
241338980
242336816
243657802
244464727
245109777
245530599
247274887
248581629
249676173
250643840
251380461
252087345
252826997
254049673
255222162
255714486
256303687
256875936
257558494
258576539
259405205
259758759
259993381
261214439
262146598
262409073
262689168
263230851
264099431
264298001
264686748
265470059
266725007
267091623
268016790
268538612
270626718
271210133
271684387
272199071
273059889
273642586
274294011
275364153
275550269
276665985
277363980
277437635
277839120
278410028
278782946
279815935
280881830
281235207
281861274
282286729
283139393
284838324
285617466
286737343
287874537
288771564
289109080
290051315
290724226
291184650
293131659
294259540
295532140
296674818
297478405
298204724
298575530
299775320
300615557
301896889
302801006
302978740
303852723
304781907
305812322
305883093
306108365
306658983
307937167
308389617
309390608
309906948
310537430
311968650
313020133
314752409
315592529
316803819
317856536
318262329
319042992
320359819
320659947
321560259
322837627
323066466
323672423
325436048
326112841
327134835
328865488
329592650
330397876
331253579
331603398
332493308
333791064
334705763
335811908
336459139
337353582
337796463
338334001
338864285
339381495
340035250
340441251
341328555
342226549
342584365
344341974
344930942
345630801
346479527
346641631
347632589
348423085
348749915
349461403
350178233
350580115
351611794
352778643
352930536
353737747
354666968
354964679
356301347
357102224
357742446
358417320
359174946
359714210
360633346
361122645
361693080
363220495
364069421
364557041
365801701
366792148
367674921
367731503
368005862
368802715
369767109
370782284
371128878
372216879
373320604
373661952
374020758
374419130
375331053
375553838
376790741
377705889
378729853
379607659
380309751
381064312
382303916
383989621
385153295
385760324
386276038
387332335
387840427
388545418
389073253
390249356
390605928
391613952
392856926
393731808
394358577
395378045
396091180
396275496
397421634
399155423
399416207
399969082
400741088
401710602
401958783
402745401
403674210
404421210
405800795
406349573
406615264
407128758
407586997
408422209
409718347
410479273
410820344
411936975
412640706
413462520
414576266
415377353
416111424
416996807
417205066
418311650
418423810
419185442
419739929
420489538
420873690
421427433
421779434
422507077
423070494
424257550
424488916
425054838
426829016
427755797
428937010
429961751
430857256
431669029
431982299
432576963
432672515
434422482
434950729
435562292
435876099
436461945
437482806
438036655
439363999
440067909
441491106
442539735
443038275
443440813
444153710
444783791
446188701
446514056
447015930
448094161
448568186
449603541
450731428
451938938
453036841
454465066
455883240
457473725
457894296
458540487
459080500
459624406
461355585
461881581
463555970
464643587
465148886
465782324
466254079
467261874
468041567
469016187
469246424
470334337
471162071
472754090
474356147
474746781
475652980
475961198
476490470
477107929
478321318
478677227
479423369
479946613
480277060
481334169
481620722
482348565
482685788
483857994
483932053
484691946
485292908
486290697
487268426
489017633
490091712
491469834
492228588
493546393
495020077
496185010
496585639
497281888
498149528
498800991
500319934
500958602
502239041
503252997
503882185
504308934
505385595
505800088
507096960
508012930
508699001
508722656
509368492
510825489
511172699
511723526
512209388
513344764
514897147
515897167
517185323
517644836
518273632
518924947
519422269
520523450
520899165
522262370
522507135
523053205
523320471
523897738
524234573
524726851
525346416
525751623
525906246
526869417
527422423
528420170
528991084
529671793
530196547
531161266
531681438
533328191
533771468
534407780
535278294
536046533
536509183
536797659
537430485
537800785
538975128
539568214
540852330
541411785
541856871
542918175
544363876
544873642
546348649
547015067
547687611
548893174
