NaN
0.005704897615439538
0.004765701605646598
0.003430140117374428
0.004825613449752039
0.003919213841516201
0.004132166245187741
0.004087908603644881
0.0040305979862379415
0.0039899213420241525
0.003922809644864324
0.004047200380450846
0.004031027889696237
0.00405135964434237
0.004203664521033103
0.004286678133522088
0.004085932456844744
0.004098443689782394
0.004163192750063818
0.004472833529307124
0.004809078209290312
0.004731107466655583
0.004673382693848483
0.0048201470046261245
0.005099168617294602
0.005207832295175524
0.005670318773477568
0.005909096060472514
0.005980149063844163
0.006246539061476517
0.00637929615318992
0.00661945216719327
0.006662786635743885
0.006623865770049862
0.00686808007364735
0.006853477772608834
0.006918222496477479
0.007084637682402975
0.007073986787812477
0.007123554661264734
0.00715853016672871
0.007161714085341165
0.007195027431792113
0.007241358968159811
0.007371707587504038
0.007325621268360225
0.007499065976986758
0.007617774650283482
0.007632183907104968
0.007598045166087116
0.00785127935704281
0.007813440457748275
0.0078391852267286
0.007819905530165495
0.007860283436650716
0.007831211632737173
0.007923500805654229
0.008060269593383615
0.008169134623981472
0.00821306401745388
0.008348480185108663
0.008306171806772894
0.0083452974548608
0.008414656740343869
0.008485249684392848
0.008522634119131055
0.008576857728627974
0.008539313679603344
0.008577603742997328
0.00851741118375929
0.008561992814613164
0.00856237721569608
0.008557331599668618
0.008589022742389202
0.008588306956366932
0.00858304127252145
0.008658847070944836
0.008660066506471937
0.008685587831253878
0.008761783675188326
0.008742861570114715
0.008746518117550428
0.008857846055843116
0.008914447246470267
0.008861224672390833
0.008923279003970481
0.008946283113433177
0.008993954310655545
0.009021712164992384
0.009031654952650474
0.009027437265469927
0.009023218730322392
0.009059628912882863
0.00912547612206602
0.009124446639987146
0.009164942647480656
0.009166138023014069
0.009156569669879112
0.009209599982914549
0.009196698509429854
0.009247598547780492
0.009236897044499913
0.009211482674672348
0.00912942459802114
0.009120250175694
0.009172590925583859
0.009183209644606897
0.00923957320062337
0.009348107171963693
0.009496863212512715
0.009609111914581057
0.00961177831436522
0.009631050218748482
0.009702917778607406
0.00978320545547771
0.009766538364009958
0.009786467169033463
0.00977830069000194
0.009780924854854923
0.00984742359490721
0.009972919933248302
0.010036352171392891
0.010144045451235987
0.010153181138849334
0.0102787500206618
0.01031170496511594
0.01036752634142158
0.010380444440196214
0.01043600687514144
0.010437348504082506
0.010513313347840707
0.010496822771798895
0.010505113762342942
0.010520201596892851
0.010537904927474182
0.010607388725051407
0.010669100131601935
0.010695782192903684
0.010640317986826402
0.010620052175233203
0.01061993761018637
0.010628297351018374
0.010631174547032203
0.01066746115756978
0.010640960172673792
0.010652712626453408
0.01073094157153708
0.010731504467863903
0.010781290412419552
0.010810919732547414
0.010828917101904293
0.010828638310446602
0.0107916701411625
0.010795691305323318
0.010794594954058422
0.010834245305611445
0.010808026426005318
0.010805004309899769
0.010814796486835622
0.010805300361442753
0.010785596168554403
0.01080303061174228
0.010836268886502064
0.01088795859879009
0.010891189963539522
0.010944714951526172
0.010986213777317053
0.010975311118086058
0.010984201894041642
0.010951969497019235
0.010951440842087892
0.010925490078682949
0.010915419295098963
0.010954301958339954
0.010952216232265631
0.010913054340043941
0.010941404490385482
0.010945428218324576
0.010941670928349828
0.01091183567631447
0.010943675280790006
0.010966527313385521
0.01103447466336506
0.011095194662272961
0.01109594096424164
0.011087137082774179
0.011063948037613593
0.011086251484915204
0.01109303442960061
0.011098266530781555
0.011134686008575763
0.011124975422276768
0.011160333274725702
0.011149527015811435
0.011120515655041949
0.011233818984994428
0.0112471491374613
0.011233353924004374
0.011238577367056067
0.011263330379083605
0.011255627720251576
0.01127790976126732
0.011261305068400328
0.011262051862270835
0.011245186129746353
0.011243338359571826
0.011268483897640966
0.011300128820477217
0.011327170095607655
0.011334609506012549
0.011353794307746126
0.011330792132454191
0.011350455484186672
0.011368370767692548
0.01132052475352239
0.011305399725097495
0.01128068421821685
0.011269401812780818
0.011261089430570309
0.011314491137923368
0.011338279074883625
0.01138238521888154
0.01136848599355157
0.01137418224296321
0.01137992357079017
0.011425350828391419
0.011418379635610829
0.01143212275669639
0.011444123449637699
0.01143705838203657
0.011434959415693472
0.011462117136508158
0.0114638026160749
0.011479245325409008
0.011517457694583092
0.011521678561767616
0.0115318559611469
0.011527458845072823
0.011548546664097315
0.011585800992490562
0.011595013355898673
0.01156823308261911
0.011546880193810791
0.011566879659014536
0.011542667127622393
0.011575472771568913
0.011592605427038551
0.011604279467565851
0.011611451148474198
0.011596141124085042
0.011580022555783961
0.011598043704597192
0.011583192078721886
0.011613288322887187
0.011628890962831038
0.01163418513133949
0.011644965462273556
0.011619612591174748
0.011618481001621456
0.011619471997018108
0.011637364677686519
0.011668998236312648
0.011658643044046593
0.011676708847961357
0.01164991690579098
0.011629998734406658
0.01162105714129178
0.011617324477526041
0.011622742885226047
0.011612674191034306
0.01161584821179428
0.011634042743447861
0.01160587530996971
0.011641816024300932
0.011645314052595992
0.011641330982613655
0.011636177789115939
0.011634854226972894
0.011612975089990889
0.01161635122335756
0.011633529043669252
0.011653793487468858
0.01164729800601456
0.011632934393474476
0.011640098399066155
0.011618876171147449
0.01159965922084663
0.011647594304227585
0.011655493071438566
0.011678022243400423
0.011696468914709119
0.011699385403650507
0.011719835403797795
0.011702328987746218
0.011687754791163869
0.011702067337644749
0.011684874505571926
0.011696680278352335
0.011689790965063973
0.011672399722736499
0.011658023656221844
0.011645014038622822
0.011689453403111307
0.011676741620196829
0.011677652608766898
0.011697473943943324
0.011710314629906312
0.011717151205358396
0.011756806978839254
0.011768176606675586
0.011820905922555894
0.011894558127583913
0.011921057638568563
0.01193951090451913
