NaN
0.0
0.0
0.0
0.0
0.0
0.0
0.0
0.0
0.0
0.0
0.0
0.0
0.0
0.0
0.0
0.0
0.0
0.0
0.0
0.0
0.0
0.0
0.0
0.0
0.0
0.0
0.0
0.0
0.0
0.0
0.0
0.0
0.0
0.0
0.0
0.0
0.0
0.0
0.0
0.0
0.0
0.0
0.0
0.0
0.0
0.0
0.0
0.0
0.0
0.0
0.0
0.0
0.0
0.0
0.0
0.0
0.0
0.0
0.0
0.0
0.0
0.0
0.0
0.0
0.0
0.0
0.0
0.0
0.0
0.0
0.0
0.0
0.0
0.0
0.0
0.0
0.0
0.0
0.0
0.0
0.0
0.0
0.0
0.0
0.0
0.0
0.0
0.0
0.0
0.0
0.0
0.0
0.0
0.0
0.0
0.0
0.0
0.0
0.0
0.0
0.0
0.0
0.0
0.0
0.0
0.0
0.0
0.0
0.0
0.0
0.0
0.0
0.0
0.0
0.0
0.0
0.0
0.0
0.0
0.0
0.0
0.0
0.0
0.0
0.0
0.0
0.0
0.0
0.0
0.0
0.0
0.0
0.0
NaN
0.005795490396171764
0.005054369675565917
0.004327641249120294
0.0042176989341922355
0.004122776894999535
0.00391243073989529
0.003909048715402043
0.004091272735258405
0.004032321930388096
0.00410589329084797
0.00406741396361794
0.00406337881826698
0.004295227544079573
0.004370682804572407
0.004713997660496774
0.004917505399600641
0.00482108513408961
0.00485905723507857
0.004855042935848034
0.004972692541552052
0.005005969017618749
0.005141827925010282
0.0051551296693545055
0.005282232579008922
0.0054290605241913035
0.005447690974946433
0.005470178571576557
0.00548091193277749
0.005567131622121003
0.005579621278357557
0.005654067693246894
0.0057744308958356284
0.005799442295009684
0.005851490819464706
0.0058862548017878154
0.005908051334380106
0.006006076949091937
0.006123685683658707
0.006193928619712196
0.0062546564870686015
0.0062728231720562905
0.006314086576817764
0.006567067655249235
0.00667187761903348
0.006791515034983321
0.006892146886076509
0.007099547091967341
0.0071474353328399715
0.007257954168277509
0.007411596295253132
0.0075650937516493245
0.007581174033441815
0.0076798802027854916
0.007692012721606182
0.007686996830419607
0.007732320397507864
0.007743706094874415
0.007807274936696523
0.0077903105206808265
0.0077844604853442596
0.00789921483481848
0.007923571669007238
0.008076503936411976
0.008039224678856375
0.008095736731910327
0.00812324469268911
0.008144733208854376
0.008171051622267306
0.008131813028082153
0.0080974812762524
0.008227680428438716
0.008258924708598321
0.008252308080462768
0.008309249313963258
0.008474126101913919
0.008537033621315984
0.008655791798868193
0.008696523651851655
0.008748088423603492
0.008821351339198064
0.008897800203347619
0.008982356415279493
0.008989024564559656
0.009025411159500969
0.009013071149309567
0.009114693552994805
0.00911811986793107
0.00909264810679734
0.009079226154742373
0.0090541945174715
0.009114347738989769
0.00912439490451015
0.009168859430255041
0.009194698357696124
0.009188157537437647
0.009212441829871463
0.009342820131539229
0.009446449403915366
0.009474706028166557
0.009478582427652591
0.009543659213408365
0.009562665844298143
0.00956088519056437
0.0095951879208431
0.009630093210398935
0.009727693585215488
0.00973980358701511
0.009769044327195414
0.009803232481344182
0.00990129831265499
0.009968032448131206
0.009966485929536148
0.009975395544660945
0.009980954856226562
0.009992907409288007
0.01002417117095898
0.010023437783925988
0.010040303777901034
0.010022728524498668
0.010113060753552037
0.010090048646813453
0.010121502894048904
0.01012193837855039
0.010134021886398607
0.01016787174965464
0.010215596081690512
0.010172600408228054
0.010240587260255977
0.010253600275922628
0.010229562507095079
0.010311323708990478
0.010339187824768326
0.010368038140361668
0.01035727708384045
0.010421939562961433
0.010473924855145464
0.010539376326988417
0.010585765235509565
0.010575891877674997
0.010614271559330316
0.010578789851236444
0.010586660965212767
0.010606351170056195
0.010586431399676658
0.010645937804726684
0.010658026133456846
0.010723208387686674
0.010711769510090148
0.010757329818857141
0.01076772121180903
0.010748044769826446
0.010740872194965818
0.010743246813853484
0.010757811657462387
0.010740160748351501
0.010837682302001992
0.010857656594912194
0.010918777000775556
0.010918544112732017
0.010914982122478897
0.010932084593351436
0.010933384056920528
0.010954493359256258
0.010950260772477525
0.010957469060570185
0.010986480756556376
0.01102402620488241
0.010996498455464371
0.01101037731341418
0.011037840751473358
0.011041694558575852
0.011009954135258092
0.010978429537371054
0.010998733486191506
0.011000408693588171
0.010996453877149249
0.011010389571158366
0.011034250433849115
0.011037689187557362
0.01105991464951426
0.011107766260338965
0.011111106466333929
0.011096287330172093
0.01111701556834801
0.011137223248512676
0.011146323805960702
0.011145788140091158
0.011171661781173759
0.011145508846860639
0.011149982182091006
0.011157852337311085
0.011161575694167094
0.011166545197576486
0.011177748042556676
0.011187112817323932
0.011209120732738031
0.011195536475953992
0.011163902791639929
0.011171447557519905
0.011189577210903485
0.011181148325896013
0.011197074125957445
0.011209845688063822
0.011214679201423152
0.011205737981194843
0.011245851419269766
0.011234635437941285
0.011277044164636844
0.0112860299338779
0.011311975899504442
0.011320804652130301
0.011319440640493476
0.011338712608005324
0.011343378653891852
0.011331063805369307
0.011313951709419116
0.011333144144507491
0.01132545225266988
0.011350320616378513
0.011409749344965176
0.011388424150137454
0.011376499905824239
0.01138936322277281
0.011395383187451875
0.011404366003612164
0.011429204318003266
0.011435515212538811
0.011429314712664335
0.011451215915443451
0.01143245142878338
0.011442828301769497
0.011426766708271618
0.011425940353307486
0.011406968139210138
0.011401931895481141
0.011382937488840695
0.011399395343466718
0.011401319059638336
0.011402139665502124
0.01141988309448007
0.011419174605769137
0.01142128740428585
0.011432361861906267
0.011429278481684077
0.011435251647596349
0.011443399482139996
0.011527489684124051
0.011525348623763018
0.011515208651969259
0.011540998794790465
0.01154831881848756
0.011528998041434311
0.011551327736601624
0.011552481036188401
0.011578160201754374
0.011583785246298973
0.011591819721299936
0.011624904946003222
0.011623176726011146
0.011607450491891765
0.011627335515475061
0.01165662735918412
0.011655195884784073
0.011671803703992008
0.011681126754650158
0.011688880653914477
0.011666499327749514
0.011691592236111228
0.011712835581210014
0.011716770434026734
0.01170036624262375
0.011684308823701571
0.011707858077948809
0.011708820112771733
0.0117073453194198
0.011713333051819989
0.011712391364909041
0.011715650384916697
0.011720971886645205
0.011721333682911212
0.011714496655581002
0.011719187296341983
0.011735276048957702
0.011732610956673115
0.01172000805735379
0.011728438519753182
0.011730299835981593
0.01174420765355318
0.011758968705585897
0.011774640946639476
0.011777587249690599
0.011779380047762638
0.011783256327228767
0.01178115119129141
0.011798131039974945
0.01181827655855164
0.011831035168925582
0.011827831278583112
0.011834879370034376
0.01183087170129372
0.01181947349925964
0.011831325795375366
0.011834776510786432
0.011850898061015146
0.01189117656844896
0.011899765621227687
0.011922690539281952
0.011951180735382514
0.011978736643092526
0.012014604879500028
0.012030981324529798
0.012068220363092774
0.012092568297480477
0.012105309194933966
NaN
NaN
NaN
NaN
NaN
NaN
NaN
NaN
NaN
NaN
NaN
NaN
NaN
NaN
NaN
NaN
NaN
NaN
NaN
NaN
NaN
NaN
NaN
NaN
NaN
NaN
NaN
NaN
NaN
NaN
NaN
NaN
NaN
NaN
NaN
NaN
NaN
NaN
NaN
NaN
NaN
NaN
NaN
NaN
NaN
NaN
NaN
NaN
NaN
NaN
NaN
NaN
NaN
NaN
NaN
NaN
NaN
NaN
NaN
NaN
NaN
NaN
NaN
NaN
NaN
NaN
NaN
NaN
NaN
NaN
NaN
NaN
NaN
NaN
NaN
NaN
NaN
NaN
NaN
NaN
NaN
NaN
NaN
NaN
NaN
NaN
NaN
NaN
NaN
NaN
NaN
NaN
NaN
NaN
NaN
NaN
NaN
NaN
NaN
NaN
NaN
NaN
NaN
NaN
NaN
NaN
NaN
NaN
NaN
NaN
NaN
NaN
NaN
NaN
NaN
NaN
NaN
NaN
NaN
NaN
NaN
NaN
NaN
NaN
NaN
NaN
NaN
NaN
NaN
NaN
NaN
NaN
NaN
NaN
NaN
NaN
NaN
NaN
NaN
NaN
NaN
NaN
NaN
NaN
NaN
NaN
NaN
NaN
NaN
NaN
NaN
NaN
NaN
NaN
NaN
NaN
NaN
NaN
NaN
NaN
NaN
NaN
NaN
NaN
NaN
NaN
NaN
NaN
NaN
NaN
NaN
NaN
NaN
NaN
NaN
NaN
NaN
NaN
NaN
NaN
NaN
NaN
NaN
NaN
NaN
NaN
NaN
NaN
NaN
NaN
NaN
NaN
NaN
NaN
NaN
NaN
NaN
NaN
NaN
NaN
NaN
NaN
NaN
NaN
NaN
NaN
NaN
NaN
NaN
NaN
NaN
NaN
NaN
NaN
NaN
NaN
NaN
NaN
NaN
NaN
NaN
NaN
NaN
NaN
NaN
NaN
NaN
NaN
NaN
NaN
NaN
NaN
NaN
NaN
NaN
NaN
NaN
NaN
NaN
NaN
NaN
NaN
NaN
NaN
NaN
NaN
NaN
NaN
NaN
NaN
NaN
NaN
NaN
NaN
NaN
NaN
NaN
NaN
NaN
NaN
NaN
NaN
NaN
NaN
NaN
NaN
NaN
NaN
NaN
NaN
NaN
NaN
NaN
NaN
NaN
NaN
NaN
NaN
NaN
NaN
NaN
NaN
NaN
NaN
NaN
NaN
NaN
NaN
NaN
NaN
NaN
NaN
NaN
NaN
NaN
NaN
NaN
NaN
NaN
NaN
NaN
NaN
NaN
NaN
NaN
NaN
NaN
NaN
NaN
NaN
NaN
NaN
NaN
NaN
NaN
NaN
NaN
NaN
NaN
NaN
NaN
NaN
NaN
NaN
NaN
NaN
NaN
NaN
NaN
NaN
NaN
NaN
NaN
NaN
NaN
NaN
NaN
NaN
NaN
NaN
NaN
NaN
NaN
NaN
NaN
NaN
NaN
NaN
NaN
NaN
NaN
NaN
NaN
NaN
NaN
NaN
NaN
NaN
NaN
NaN
NaN
NaN
NaN
NaN
NaN
NaN
NaN
NaN
NaN
NaN
NaN
NaN
NaN
NaN
NaN
NaN
NaN
NaN
NaN
NaN
NaN
NaN
NaN
NaN
NaN
NaN
NaN
NaN
NaN
NaN
NaN
NaN
NaN
NaN
NaN
NaN
NaN
NaN
NaN
NaN
NaN
NaN
NaN
NaN
NaN
NaN
NaN
NaN
NaN
NaN
NaN
NaN
NaN
NaN
NaN
NaN
NaN
NaN
NaN
NaN
NaN
NaN
NaN
NaN
NaN
NaN
NaN
NaN
NaN
NaN
NaN
NaN
NaN
NaN
NaN
NaN
NaN
NaN
NaN
NaN
NaN
NaN
NaN
NaN
NaN
NaN
NaN
NaN
NaN
NaN
NaN
NaN
NaN
NaN
NaN
NaN
NaN
NaN
NaN
NaN
NaN
NaN
NaN
NaN
NaN
NaN
NaN
NaN
NaN
NaN
NaN
NaN
NaN
NaN
NaN
NaN
NaN
NaN
NaN
NaN
NaN
NaN
NaN
NaN
NaN
NaN
NaN
NaN
NaN
NaN
NaN
NaN
NaN
NaN
NaN
NaN
NaN
NaN
NaN
NaN
NaN
NaN
NaN
NaN
NaN
NaN
NaN
NaN
NaN
NaN
NaN
NaN
NaN
NaN
NaN
NaN
NaN
NaN
NaN
NaN
NaN
