0
33
114
260
521
868
1248
1632
2046
2408
2804
3218
3674
4056
4416
4819
5225
5527
5961
6402
6836
7212
7619
7985
8374
8825
9266
9716
10085
10476
10871
11302
11696
12151
12575
12986
13405
13828
14309
14747
15186
15560
15984
16381
16784
17154
17621
18055
18488
18939
19416
19779
20140
20536
20953
21387
21839
22194
22618
23031
23498
23944
24463
24906
25302
25706
26165
26660
27012
27477
27883
28232
28630
28970
29419
29805
30186
30656
31104
31451
31876
32288
32797
33213
33575
33925
34308
34686
35056
35482
35913
36394
36803
37254
37646
38137
38553
38970
39446
39870
40309
40724
41170
41501
41925
42355
42789
43247
43650
44115
44457
44851
45232
45694
46113
46538
46956
47387
47853
48308
48719
49189
49598
50056
50477
50868
51242
51636
51990
52425
52874
53350
53747
54186
54648
55046
55502
55891
56275
56662
57048
57444
57848
58255
58652
59027
59493
59998
60432
60864
61376
61781
62156
62545
62981
63420
63834
64232
64587
64959
65356
65747
66207
66665
67107
67537
67998
68436
68897
69315
69685
70154
70519
70957
71404
71799
72179
72584
73033
73393
73793
74216
74637
75026
75521
76001
76467
76956
77362
77841
78182
78578
78930
79332
79787
80131
80533
80947
81294
81697
82097
82564
83015
83400
83859
84345
84749
85144
85462
85940
86379
86751
87135
87580
88063
88517
88955
89379
89745
90184
90691
91081
91514
91945
92332
92736
93174
93604
94009
94456
94865
95333
95765
96207
96589
96968
97448
97860
98247
98738
99169
99608
100001
100450
100887
101250
101615
102044
102436
102820
103201
103700
104088
104448
104839
105281
105777
106162
106611
107075
107469
107822
108207
108673
109129
109523
109979
110386
110854
111324
111770
112226
112654
113103
113588
113895
114333
114753
115122
115528
115935
116307
116721
117228
117691
118064
118432
118795
119217
119684
120077
120531
120997
121383
121794
122208
122643
123076
123440
123826
124194
124575
124872
125158
125413
125583
125710
125827
125874
125930
125949
125980
125982
125983
125991
