0
50
189
430
797
1269
1735
2197
2740
3313
3792
4297
4731
5196
5706
6116
6659
7123
7701
8321
8822
9402
9921
10429
11000
11500
12060
12625
13211
13769
14354
14838
15363
15833
16309
16842
17365
17919
18425
18904
19482
19992
20509
21030
21525
22056
22666
23215
23792
24364
24917
25445
26127
26692
27135
27657
28153
28684
29277
29763
30318
30864
31461
31886
32439
32961
33542
34098
34731
35268
35713
36252
36782
37418
37960
38513
39106
39617
40160
40664
41195
41692
42219
42846
43396
43937
44356
44978
45569
46060
46602
47116
47622
48177
48653
49159
49717
50191
50746
51334
51900
52375
52889
53372
53967
54437
54977
55550
56125
56685
57256
57789
58344
58860
59416
60017
60571
61115
61683
62234
62760
63226
63778
64306
64893
65414
65925
66496
67004
67536
68127
68736
69294
69793
70271
70799
71375
71850
72385
72936
73454
73960
74537
75103
75666
76168
76670
77148
77658
78261
78819
79381
80001
80519
81130
81691
82207
82747
83244
83863
84343
84834
85392
85957
86543
87089
87587
88099
88597
89178
89829
90347
90932
91505
92007
92576
93085
93608
94108
94635
95090
95575
96136
96628
97112
97667
98253
98816
99453
100042
100694
101323
101824
102287
102729
103340
103816
104387
104897
105462
106004
106552
107119
107717
108202
108765
109291
109810
110334
110837
111377
111956
112488
113001
113550
114006
114566
115171
115771
116315
116852
117373
117872
118456
118991
119506
120007
120633
121187
121740
122216
122731
123254
123778
124232
124759
125270
125888
126479
127009
127610
128167
128706
129178
129781
130321
130892
131403
131936
132531
133074
133554
134049
134597
135107
135661
136169
136734
137324
137853
138434
138958
139580
140073
140586
141129
141728
142163
142733
143248
143845
144384
144923
145508
146066
146533
147068
147567
148172
148734
149262
149808
150298
150843
151370
151834
152328
152902
153397
153880
154454
154983
155586
156108
156711
157290
157894
158422
159006
159604
160218
160671
161035
161323
161542
161717
161809
161856
161894
161936
161966
161978
161982
161988
161992
