0
97599
292900
554174
967922
1268112
1795480
2206414
2983566
3727218
4226208
4900741
5862944
6526417
7670760
8451031
9489034
10419349
11773563
12862858
13988502
15495757
17112710
18827983
20477705
21737688
23156596
25351394
27135633
28333088
30480584
31500071
33512792
34617733
35617804
37708497
38608653
40290467
42038573
43739271
45115783
46291823
48124058
49450155
51353881
53142680
54908906
56810104
58595343
59681616
61798826
63408556
65136735
68348823
70682436
74271244
77048391
79606064
80549506
83449136
86040635
88924340
91313920
94303039
96179309
98620767
100981104
103009761
106443348
108190499
110379291
113594636
115749797
117694511
120322324
122488633
124961500
126836932
129195542
131191256
133227098
137152582
140286120
142813292
144952546
147371355
149536396
151555385
153645370
155467507
157883567
160159829
163150309
166105284
167055707
170363675
172678927
174209841
175999865
177472301
179840212
180930817
184233035
186067842
189277302
192027820
193869083
197453857
198925921
201726104
203941198
207927770
212931891
214975388
217497427
218558202
220414786
223349084
226028967
228212168
229519256
233746700
236524447
239588496
241867213
245320429
248335551
251934978
252885419
256719818
259355474
260650177
262956767
264707238
266712098
269601435
271908285
273325679
275196552
277478869
280670649
283170554
286129228
288202392
291149954
293138353
295305181
298960380
302201616
304720621
306512796
310304343
313169352
314914268
316720324
319145130
321583681
325645021
329223178
331099383
334299804
336480616
339246105
341875190
345521944
347474025
349314960
350933856
354181414
355828716
358635126
361849093
364085404
367886682
369362121
371646784
374304297
375881513
379058357
382101829
384310394
386920835
389126945
391834547
395233909
397049599
399674499
402622388
405058330
406851268
408820641
411235775
412905741
415178081
418241774
420163679
422617060
425355400
427161248
429332367
431727622
434656860
437634584
442410292
445437850
447700015
449773728
452443546
454808742
457818569
461056935
463546028
465889776
468440437
472948796
475259954
477181832
481139574
483010115
486496981
489200325
491601422
493707057
496613677
500422422
502935977
506056615
509101293
511984566
513803520
516774899
519046772
522050454
524062422
526509294
529095786
531309854
534275627
537131226
540086466
543561043
545158305
547788854
550579685
551995160
554181251
556783949
558649729
561328191
564248941
567377332
572348968
574246616
576974042
579612025
581521017
584961910
588348967
591169081
594654083
597023285
599481328
602140025
605128371
607884599
610108032
612265803
615171099
617358223
618653511
622351056
624833398
626914001
628998558
632030660
635493686
637651415
640615523
643474421
645246126
647319734
649269100
651604788
655679516
658249665
660074303
662589879
665615178
667947274
669302689
671834141
673382482
676375069
678073821
680543610
682587738
685079757
686703168
689090222
692999075
694856787
698054594
700366316
703122034
705262277
707253444
708906711
711400188
712929268
715817915
717680090
719438711
720840119
722137665
724315301
0
0
0
0
0
0
0
0
0
0
0
0
0
0
0
0
0
0
0
0
0
0
0
0
0
0
0
0
0
0
0
0
0
0
0
0
0
0
0
0
0
0
0
0
0
0
0
0
0
0
0
0
0
0
0
0
0
0
0
0
0
0
0
0
0
0
0
0
0
0
0
0
0
0
0
0
0
0
0
0
0
0
0
0
0
0
0
0
0
0
0
0
0
0
0
0
0
0
0
0
0
0
0
0
0
0
0
0
0
0
0
0
0
0
0
0
0
0
0
0
0
0
0
0
0
0
0
0
0
0
0
0
0
0
0
0
0
0
0
0
0
0
0
0
0
0
0
0
0
0
0
0
0
0
0
0
0
0
0
0
0
0
0
0
0
0
0
0
0
0
0
0
0
0
0
0
0
0
0
0
0
0
0
0
0
0
0
0
0
0
0
0
0
0
0
0
0
0
0
0
0
0
0
0
0
0
0
0
0
0
0
0
0
0
0
0
0
0
0
0
0
0
0
0
0
0
0
0
0
0
0
0
0
0
0
0
0
0
0
0
0
0
0
0
0
0
0
0
0
0
0
0
0
0
0
0
0
0
0
0
0
0
0
0
0
0
0
0
0
0
0
0
0
0
0
0
0
0
0
0
0
0
0
0
0
0
0
0
0
0
0
0
0
0
0
0
0
0
0
0
0
0
0
0
0
0
0
0
0
0
0
0
0
0
0
0
0
0
0
0
0
0
0
0
0
0
0
0
0
0
0
0
0
0
0
0
0
0
0
0
0
0
0
0
0
0
0
0
0
0
0
0
0
0
0
0
0
0
0
0
0
0
0
0
0
0
0
0
0
0
0
0
0
0
0
0
0
0
0
0
0
0
0
0
0
0
0
0
0
0
0
0
0
0
0
0
0
0
0
0
0
0
0
0
0
0
0
0
0
0
0
0
0
0
0
0
0
0
0
0
0
0
0
0
0
0
0
0
0
0
0
0
0
0
0
0
0
0
0
0
0
0
0
0
0
0
0
0
0
0
0
0
0
0
0
0
0
0
0
0
0
0
0
0
0
0
0
0
0
0
