NaN
0.006586698836183333
0.00658105808932804
0.0060355353620573
0.005354418713324132
0.00477861236859202
0.005056317535832087
0.0049367118017032505
0.005474935979863325
0.0051070802258721334
0.0053383582766724155
0.005352961626034334
0.004824970912742505
0.004986499969381623
0.005385845928679686
0.00570047400302322
0.00588046226501081
0.005782043588552361
0.00570675815057011
0.005565155068456944
0.005454884372488879
0.005677769643676267
0.005666932976671514
0.006057214715486501
0.005951173647110547
0.005909558281359019
0.006171733030441582
0.006331714510884628
0.006178957880613973
0.006196061675398915
0.006211369598887818
0.00667373459898715
0.0068573842907576335
0.007252670781737377
0.007283768189647005
0.007585722499833881
0.007454627753896753
0.007760319769421244
0.00781695964722671
0.007901645552548027
0.007851576246027883
0.007761635937544268
0.007728069409076172
0.007634779698770664
0.007555859873054094
0.007639729010004621
0.007535828960569728
0.007720566157850052
0.00778238354525784
0.00791073390304317
0.007899098841932186
0.008118138747607109
0.008370537004222287
0.008409696133981657
0.008455849626334788
0.008433867593651775
0.008548358169579974
0.008689187203908964
0.008625857584060028
0.008686709055821668
0.008729635120760755
0.008758397735211775
0.008765498441941504
0.008829275793053393
0.008858872004010861
0.00896082196749157
0.008907299945299908
0.008849385906217082
0.008732360754045675
0.008996218370281691
0.008983664450837033
0.009047014694115505
0.009097303704912305
0.009093603076793622
0.009171453140244945
0.009475635792325701
0.009535069684797483
0.009527487026663398
0.009600163339703677
0.00948635033580392
0.009555958206857259
0.00965100184567691
0.009672038524795033
0.009693686323632595
0.009711156251826279
0.009749981281454602
0.009712408630942101
0.009935833480888074
0.009892963847418716
0.010264549659723909
0.010293683856081358
0.01020249921376965
0.010141305654360111
0.01027717258197527
0.010362503773886601
0.010374148741977295
0.010404973953850413
0.010373425607705808
0.010245590653865363
0.010233568824385881
0.010334190681538912
0.010323381777781849
0.010242371540105122
0.010197188901697633
0.01036450641344564
0.01040171916835283
0.010496867355734331
0.010513887782414029
0.010492464691259536
0.010480225563243491
0.010709546600394046
0.010544657973329033
0.010486192069786309
0.010489472936836065
0.010533367425440808
0.01055312162419042
0.010551926914814007
0.01051555571377498
0.010555080754158693
0.010581960437632668
0.010559282792479509
0.010497857952353383
0.010554619623925865
0.010541235907056017
0.010640338344531925
0.010714727213419166
0.010735024381136882
0.010739447412022525
0.010803556015777113
0.01078257039664338
0.010863998971020762
0.011026914276581605
0.011075182037910481
0.011005232588322577
0.011041267549794204
0.011066034212365716
0.01111611994890137
0.011115753813346334
0.011243832621688992
0.011242835737222574
0.01135932067258148
0.011387291884588629
0.01131559937241694
0.011244859998780565
0.01131777207048171
0.01131041144763308
0.01136359137837474
0.01136165167682767
0.011361951348422505
0.011345693698237055
0.01131521056594174
0.011235609630294035
0.01126999590472742
0.011257200282136491
0.011252506821074579
0.0112529074089575
0.011212720641646275
0.011186576787551665
0.011228099874138262
0.011248370332404794
0.0112421873448818
0.01123232723194317
0.011205211112393197
0.011157770481415957
0.011135424380323366
0.011198447397216644
0.011289898033447784
0.011288245606168649
0.011319421370677275
0.011254039160819546
0.011332712860638111
0.01142575141572976
0.011444398176965385
0.011445051379576526
0.011409514019573437
0.01146709953270282
0.011443382491574165
0.011407030660141097
0.011355156828391257
0.011363917698176159
0.011349648142247438
0.011332223673667778
0.011288242729059424
0.011267269180352908
0.011196340232683089
0.011129201254785937
0.01116854318897593
0.011136453393606104
0.011206807280850432
0.01117208352490879
0.011218494494648203
0.011289347817905204
0.01131946972517888
0.011266833047182017
0.011278008672339841
0.011233193362036964
0.011214860758498561
0.011245466988009606
0.01122684036600163
0.011237451683175912
0.011256115868899689
0.011262028217350936
0.011227076264395244
0.011198488617288867
0.01123248725457613
0.011286956301037813
0.01130785914291873
0.011288740752110782
0.01133602358571954
0.011337701235527542
0.011359251336838811
0.011334890684526698
0.011372950750522212
0.011365323279847905
0.011353428806953694
0.011374379134818364
0.011350779106000807
0.011360602931557762
0.011363520919424748
0.011348599663720151
0.011328410518587089
0.011415163520177355
0.011628120816330937
0.011621816429956121
0.011680868577615482
0.011726168778620559
0.011659213166090535
0.011666257016512697
0.011624413005876586
0.01163870770810455
0.011717782146061133
0.011688718334556383
0.011641962983008297
0.011698951690484682
0.011660793839244479
0.011674121519982952
0.011631167072093057
0.011638004554166989
0.011652899163258859
0.011751591820909622
0.011665290558492358
0.01167071798319191
0.011672670644643834
0.011684596362195194
0.011713659125339714
0.011788348105040088
0.011756824848109157
0.011755022072583755
0.01173385883773101
0.011689851890209412
0.011758104802309982
0.011725194076573723
0.01169667211853405
0.011794858010395835
0.011830628922426738
0.011858583868840322
0.011898223390878504
0.01193960211634815
0.011910089864610188
0.01189732929133215
0.011884991446517668
0.011908193930473912
0.011927463190904418
0.011929461299190784
0.0119224325279589
0.011944547878031283
0.011953098333660803
0.011947582383165931
0.011966653408107297
0.011962894322738749
0.011973956878136165
0.011965415668151246
0.01197066782777652
0.011942340317408744
0.011943857097132086
0.011973126826679777
0.011899085936771832
0.011948193487368952
0.01197290260135906
0.011960578272911084
0.011956551219555186
0.011992715170945306
0.011999039059268713
0.012006072648728602
0.011999426150670957
0.012007713966486925
0.012021439918716383
0.01205429624992174
0.012056690460205173
0.012054081591752213
0.012059968718803828
0.012032402274942474
0.012045275448629314
0.012054494897629834
0.012032357141274933
0.012036681311904902
0.012011094260662105
0.011985650162649552
0.01197021690251446
0.011940737478731018
0.011915307332474393
0.01191517349639333
0.011934157782393075
0.011944071633444882
0.0120009180227843
0.012029152810419805
0.01201692429741274
0.012063708358591265
0.012065462252760775
0.012059477669935753
NaN
NaN
NaN
NaN
NaN
NaN
NaN
NaN
NaN
NaN
NaN
NaN
NaN
NaN
NaN
NaN
NaN
NaN
NaN
NaN
NaN
NaN
NaN
NaN
NaN
NaN
NaN
NaN
NaN
NaN
NaN
NaN
NaN
NaN
NaN
NaN
NaN
NaN
NaN
NaN
NaN
NaN
NaN
NaN
NaN
NaN
NaN
NaN
NaN
NaN
NaN
NaN
NaN
NaN
NaN
NaN
NaN
NaN
NaN
NaN
NaN
NaN
NaN
NaN
NaN
NaN
NaN
NaN
NaN
NaN
NaN
NaN
NaN
NaN
NaN
NaN
NaN
NaN
NaN
NaN
NaN
NaN
NaN
NaN
NaN
NaN
NaN
NaN
NaN
NaN
NaN
NaN
NaN
NaN
NaN
NaN
NaN
NaN
NaN
NaN
NaN
NaN
NaN
NaN
NaN
NaN
NaN
NaN
NaN
NaN
NaN
NaN
NaN
NaN
NaN
NaN
NaN
NaN
NaN
NaN
NaN
NaN
NaN
NaN
NaN
NaN
NaN
NaN
NaN
NaN
NaN
NaN
NaN
NaN
NaN
NaN
NaN
NaN
NaN
NaN
NaN
NaN
NaN
NaN
NaN
NaN
NaN
NaN
NaN
NaN
NaN
NaN
NaN
NaN
NaN
NaN
NaN
NaN
NaN
NaN
NaN
NaN
NaN
NaN
NaN
NaN
NaN
NaN
NaN
NaN
NaN
NaN
NaN
NaN
NaN
NaN
NaN
NaN
NaN
NaN
NaN
NaN
NaN
NaN
NaN
NaN
NaN
NaN
NaN
NaN
NaN
NaN
NaN
NaN
NaN
NaN
NaN
NaN
NaN
NaN
NaN
NaN
NaN
NaN
NaN
NaN
NaN
NaN
NaN
NaN
NaN
NaN
NaN
NaN
NaN
NaN
NaN
NaN
NaN
NaN
NaN
NaN
NaN
NaN
NaN
NaN
NaN
NaN
NaN
NaN
NaN
NaN
NaN
NaN
NaN
NaN
NaN
NaN
NaN
NaN
NaN
NaN
NaN
NaN
NaN
NaN
NaN
NaN
NaN
NaN
NaN
NaN
NaN
NaN
NaN
NaN
NaN
NaN
NaN
NaN
NaN
NaN
NaN
NaN
NaN
NaN
NaN
NaN
NaN
NaN
NaN
NaN
NaN
NaN
NaN
NaN
NaN
NaN
NaN
NaN
NaN
NaN
NaN
NaN
NaN
NaN
NaN
NaN
NaN
NaN
NaN
NaN
NaN
NaN
NaN
NaN
NaN
NaN
NaN
NaN
NaN
NaN
NaN
NaN
NaN
NaN
NaN
NaN
NaN
NaN
NaN
NaN
NaN
NaN
NaN
NaN
NaN
NaN
NaN
NaN
NaN
NaN
NaN
NaN
NaN
NaN
NaN
NaN
NaN
NaN
NaN
NaN
NaN
NaN
NaN
NaN
NaN
NaN
NaN
NaN
NaN
NaN
NaN
NaN
NaN
NaN
NaN
NaN
NaN
NaN
NaN
NaN
NaN
NaN
NaN
NaN
NaN
NaN
NaN
NaN
NaN
NaN
NaN
NaN
NaN
NaN
NaN
NaN
NaN
NaN
NaN
NaN
NaN
NaN
NaN
NaN
NaN
NaN
NaN
NaN
NaN
NaN
NaN
NaN
NaN
NaN
NaN
NaN
NaN
NaN
NaN
NaN
NaN
NaN
NaN
NaN
NaN
NaN
NaN
NaN
NaN
NaN
NaN
NaN
NaN
NaN
NaN
NaN
NaN
NaN
NaN
NaN
NaN
NaN
NaN
NaN
NaN
NaN
NaN
NaN
NaN
NaN
NaN
NaN
NaN
NaN
NaN
NaN
NaN
NaN
NaN
NaN
NaN
NaN
NaN
NaN
NaN
