NaN
0.006561480326877492
0.0055956381019329595
0.005539908704994634
0.004372722405373276
0.003973260077578787
0.004764323016095505
0.0051242812914163195
0.0046800020681289035
0.004913495632502314
0.004598212265368912
0.004483054678601214
0.004305037316765028
0.004409295268352607
0.004694448490261671
0.004875967126490945
0.004508405981644658
0.004570555784199074
0.004721341791143556
0.004748796524997155
0.004818818617429307
0.004934874067664885
0.005324679046129511
0.005248059239978012
0.005497076718639398
0.005483347204218379
0.006079974963662023
0.006005128128016997
0.006023483669292386
0.006201463153665343
0.00643719397154549
0.006335224158343279
0.006355635556056625
0.006207002048331326
0.006361962242963526
0.0064136270973622934
0.0065895107538073115
0.006679153988789349
0.006624118705862835
0.006705726576272427
0.006855893219830494
0.006803422493477428
0.0067818062139580184
0.006816094364999323
0.0068150202946816755
0.006770209370964781
0.0069739663538951335
0.007064173396910533
0.007139709598132184
0.00727479268529931
0.007276613661953512
0.007299191233392044
0.007249970084989853
0.007477822424000159
0.007698397555653146
0.00781373549259625
0.007763538181796855
0.007816075552772242
0.00803173881018679
0.008018495833250204
0.008134964877556534
0.008216070894243204
0.00820570898792952
0.008415678087766016
0.0084796089096986
0.008435279684848519
0.00848748343876614
0.00856297727218273
0.00860858062200483
0.008599106460591695
0.008620035979320456
0.008717011506536882
0.008701216724543328
0.008739759144234778
0.008761909059103833
0.008722227092335217
0.008798765558250037
0.008900087481975467
0.009044521243074397
0.009116534205195271
0.009093050555110024
0.009198548482869539
0.009157321194933971
0.009168682656725583
0.009121267885163533
0.009121099635183214
0.009124508149000935
0.009151850846161685
0.009273456549577622
0.009281925137925072
0.009297215723867788
0.00930506516760919
0.009313377320812543
0.009342690798293987
0.009422251661700598
0.009410404864816539
0.009418892506381081
0.009502330432897943
0.009488694192928592
0.009549920245532752
0.009562831211242585
0.009576619834829509
0.009551757295899408
0.00957243777857253
0.009636284137050971
0.009720124325024353
0.009715924843480406
0.009678353962432253
0.009788955830715958
0.009837427261261376
0.009804566415430446
0.00991077810581868
0.00999266753045297
0.010012887042749021
0.010022350542223307
0.010053859395108146
0.010113789968359176
0.010196179805497951
0.010250735267358474
0.010222315657822877
0.010222881950829354
0.01024870772994854
0.01020216586941189
0.010286935756830923
0.010285439663369323
0.01039297754113896
0.010396999393008942
0.010384328763017071
0.010381218386551644
0.010403051649065655
0.010417609327417407
0.010389896782120545
0.010428005565800778
0.01049765670356507
0.01050652080757424
0.01054756352646558
0.010563718909648582
0.010571760956888695
0.010557516188241441
0.010545358534750044
0.01051572756781321
0.01050073340924628
0.010477532694900302
0.010446556541602276
0.010426671167632136
0.010396191092220263
0.01044531022208607
0.010477686594227232
0.010579261794842962
0.010578877443288564
0.010664394533537062
0.010667572898474328
0.01071733256438861
0.010769803454967815
0.010804788610197078
0.010824016066891142
0.010756002211529392
0.010793664997975506
0.010831890345310107
0.010788605347937097
0.010826462023452934
0.01084180526962346
0.010816172736585094
0.010848409935119535
0.010850799251351483
0.010854141779738877
0.010885246981190484
0.010906965099552402
0.010918876327801414
0.010944894985734664
0.010977069331542383
0.010980326959126966
0.011013882539890385
0.01105038063157395
0.011103460621624489
0.011077453803032692
0.011060552545992489
0.011081958330015691
0.011159754185333133
0.011177569108281844
0.01115977379995069
0.011141415440087609
0.011148171837922759
0.01114986934237579
0.011198585395078876
0.011229969655560862
0.011208558132161163
0.011202375940212658
0.011227229893915947
0.011225791316121938
0.011214182174662978
0.01123372140322849
0.011275012521507793
0.01128554116386323
0.011236719411676583
0.011253835189817915
0.011272908733502084
0.011329499180969354
0.01132963373516397
0.01134394151980265
0.011338794359960094
0.011326895766877641
0.01137662865400633
0.011438739374569759
0.011427452452165246
0.011417134960951345
0.011424166262239754
0.01142832090338913
0.011470386690246144
0.011475041454222035
0.011466354802761546
0.011494660557578596
0.011514412306447652
0.011530727547255652
0.011560756085115234
0.011553522368546648
0.011562413977679408
0.01155008333015714
0.011556555569088828
0.011533436584610954
0.011546720130610935
0.011532069194412353
0.011533511920908455
0.011523694286970608
0.01154857991220968
0.011556475381799259
0.011493952047099371
0.011535159201913081
0.011518739186275054
0.011534628994915076
0.011534472662968755
0.01152914685704204
0.011551371889729987
0.011549309181544003
0.011584836762735702
0.011577272335184012
0.011547736135085153
0.011561085383247406
0.011527705099547512
0.011506346485975727
0.011564418022669635
0.011571431266905945
0.01154592525129849
0.011564282983749851
0.011600585863996099
0.011612121432819835
0.011621831490885987
0.01159906121242799
0.011620543110285802
0.01165566437798363
0.011705992228113497
0.0116888275410438
0.011668470966206343
0.011658526965904109
0.011669552384362921
0.011635340564601249
0.011677977549904824
0.011673597715962112
0.011689474981753215
0.011689444314182762
0.01167502327193773
0.011659413197960355
0.011672542285558175
0.01171714641433605
0.011712731510635491
0.011733337996624365
0.011725631412703899
0.011705756554555502
0.011722531732747607
0.011732620503549089
0.011722555087597435
0.011703050367973108
0.011687146362548351
0.011701860374573362
0.011676300089815031
0.01170469195685264
0.011671509382952935
0.011695201294908019
0.011694373669088728
0.011698415943805529
0.011691009992094433
0.011681386434729043
0.011691745865819093
0.011726330231696959
0.011701813429182585
0.011682838289675465
0.011671499652957421
0.01166300628112812
0.011647238994444652
0.011684295584299367
0.011674157505414373
0.011684357109056083
0.011683947068803014
0.011715051520961441
0.011697611379238176
0.011711391784444143
0.011721712743631537
0.011735983124002296
0.01177537953033278
0.011796858393315613
0.011774483538484853
0.011801882540149074
0.011799129717499036
0.011856599681838342
0.011853011150523798
0.011889852650341249
0.011934912971413218
0.011947783303931071
0.011971062477070013
0.011974690343039034
0.011993010206297613
0.011999937419142266
0.012015652903330107
0.0120237383817543
NaN
NaN
NaN
NaN
NaN
NaN
NaN
NaN
NaN
NaN
NaN
NaN
NaN
NaN
NaN
NaN
NaN
NaN
NaN
NaN
NaN
NaN
NaN
NaN
NaN
NaN
NaN
NaN
NaN
NaN
NaN
NaN
NaN
NaN
NaN
NaN
NaN
NaN
NaN
NaN
NaN
NaN
NaN
NaN
NaN
NaN
NaN
NaN
NaN
NaN
NaN
NaN
NaN
NaN
NaN
NaN
NaN
NaN
NaN
NaN
NaN
NaN
NaN
NaN
NaN
NaN
NaN
NaN
NaN
NaN
NaN
NaN
NaN
NaN
NaN
NaN
NaN
NaN
NaN
NaN
NaN
NaN
NaN
NaN
NaN
NaN
NaN
NaN
NaN
NaN
NaN
NaN
NaN
NaN
NaN
NaN
NaN
NaN
NaN
NaN
NaN
NaN
NaN
NaN
NaN
NaN
NaN
NaN
NaN
NaN
NaN
NaN
NaN
NaN
NaN
NaN
NaN
NaN
NaN
NaN
NaN
NaN
NaN
NaN
NaN
NaN
NaN
NaN
NaN
NaN
NaN
NaN
NaN
NaN
NaN
NaN
NaN
NaN
NaN
NaN
NaN
NaN
NaN
NaN
NaN
NaN
NaN
NaN
NaN
NaN
NaN
NaN
NaN
NaN
NaN
NaN
NaN
NaN
NaN
NaN
NaN
NaN
NaN
NaN
NaN
NaN
NaN
NaN
NaN
NaN
NaN
NaN
NaN
NaN
NaN
NaN
NaN
NaN
NaN
NaN
NaN
NaN
NaN
NaN
NaN
NaN
NaN
NaN
NaN
NaN
NaN
NaN
NaN
NaN
NaN
NaN
NaN
NaN
NaN
NaN
NaN
NaN
NaN
NaN
NaN
NaN
NaN
NaN
NaN
NaN
NaN
NaN
NaN
NaN
NaN
NaN
NaN
NaN
NaN
NaN
NaN
NaN
NaN
NaN
NaN
NaN
NaN
NaN
NaN
NaN
NaN
NaN
NaN
NaN
NaN
NaN
NaN
NaN
NaN
NaN
NaN
NaN
NaN
NaN
NaN
NaN
NaN
NaN
NaN
NaN
NaN
NaN
NaN
NaN
NaN
NaN
NaN
NaN
NaN
NaN
NaN
NaN
NaN
NaN
NaN
NaN
NaN
NaN
NaN
NaN
NaN
NaN
NaN
NaN
NaN
NaN
NaN
NaN
NaN
NaN
NaN
NaN
NaN
NaN
NaN
NaN
NaN
NaN
NaN
NaN
NaN
NaN
NaN
NaN
NaN
NaN
NaN
NaN
NaN
NaN
NaN
NaN
NaN
NaN
NaN
NaN
NaN
NaN
NaN
NaN
NaN
NaN
NaN
NaN
NaN
NaN
NaN
NaN
NaN
NaN
NaN
NaN
NaN
NaN
NaN
NaN
NaN
NaN
NaN
NaN
NaN
NaN
NaN
NaN
NaN
NaN
NaN
NaN
NaN
NaN
NaN
NaN
NaN
NaN
NaN
NaN
NaN
NaN
NaN
NaN
NaN
NaN
NaN
NaN
NaN
NaN
NaN
NaN
NaN
NaN
NaN
NaN
NaN
NaN
NaN
NaN
NaN
NaN
NaN
NaN
NaN
NaN
NaN
NaN
NaN
NaN
NaN
NaN
NaN
NaN
NaN
NaN
NaN
NaN
NaN
NaN
NaN
NaN
NaN
NaN
NaN
NaN
NaN
NaN
NaN
NaN
NaN
NaN
NaN
NaN
NaN
NaN
NaN
NaN
NaN
NaN
NaN
NaN
NaN
NaN
NaN
NaN
NaN
NaN
NaN
NaN
NaN
NaN
NaN
NaN
NaN
NaN
NaN
NaN
NaN
NaN
NaN
NaN
NaN
NaN
NaN
NaN
NaN
NaN
NaN
NaN
NaN
NaN
NaN
NaN
NaN
NaN
NaN
NaN
NaN
NaN
NaN
NaN
NaN
NaN
NaN
NaN
NaN
NaN
NaN
NaN
NaN
NaN
NaN
NaN
NaN
NaN
NaN
NaN
NaN
NaN
NaN
NaN
NaN
NaN
NaN
NaN
NaN
NaN
NaN
NaN
NaN
NaN
NaN
