0
14
34
64
105
145
208
299
381
485
606
702
808
943
1007
1151
1255
1334
1471
1555
1664
1834
1951
2016
2101
2156
2358
2468
2588
2679
2789
2876
3040
3143
3224
3335
3471
3578
3681
3783
3955
4126
4317
4483
4600
4701
4823
4977
5090
5227
5320
5447
5554
5679
5810
5879
6013
6132
6234
6355
6484
6597
6711
6830
6950
7110
7230
7327
7420
7551
7672
7811
7922
8042
8142
8259
8339
8450
8539
8638
8723
8802
8870
8962
9080
9226
9374
9516
9606
9711
9839
9922
10052
10144
10329
10460
10554
10696
10842
11046
11183
11306
11472
11573
11690
11857
11978
12122
12217
12382
12499
12650
12762
12887
13020
13192
13321
13408
13508
13603
13746
13917
13990
14091
14200
14304
14402
14504
14662
14785
14852
14960
15083
15182
15311
15476
15571
15699
15817
15983
16105
16206
16334
16489
16609
16729
16811
16951
17105
17200
17331
17472
17640
17737
17914
18039
18142
18208
18274
18410
18520
18654
18831
18886
18991
19107
19209
19339
19439
19569
19662
19770
19870
19990
20103
20229
20351
20469
20560
20702
20794
20937
21025
21175
21290
21397
21543
21660
21829
21924
22061
22188
22332
22398
22474
22589
22722
22839
22945
23099
23173
23237
23333
23484
23580
23736
23860
24058
24173
24236
24427
24529
24628
24793
24896
25037
25147
25287
25399
25516
25638
25728
25912
26046
26144
26297
26381
26493
26644
26763
26888
27000
27192
27340
27464
27571
27687
27788
27895
28001
28101
28278
28346
28435
28538
28664
28762
28908
29024
29218
29328
29418
29546
29700
29815
29918
29979
30118
30222
30412
30527
30630
30759
30866
30965
31051
31137
31258
31429
31523
31605
31777
31850
32007
32144
32263
32423
32538
32645
32776
32925
32998
33094
33186
33261
33351
33490
33606
33737
33859
33993
34084
34209
34352
34449
34543
34664
34806
34923
35064
35176
35287
35476
35632
35717
35896
35985
36185
36309
36411
36595
36730
36868
36957
37075
37211
37365
37483
37586
37723
37806
37914
38029
38113
38250
38325
38420
38534
38659
38790
38923
39074
39217
39328
39433
39582
39660
39812
39946
40046
40128
40239
40307
40433
40576
40700
40832
40942
41056
41170
41288
41405
41513
41597
41781
41920
42010
42125
42199
42287
42418
42537
42656
42773
42886
43011
43129
43308
43406
43532
43695
43837
43959
44121
44260
44332
44475
44563
44655
44756
44893
45015
45131
45235
45344
45421
45503
45608
45716
45895
45997
46135
46249
46343
46552
46678
46770
46916
46997
47133
47272
47403
47607
47731
47859
47964
48085
48200
48306
48415
48526
48643
48691
48781
48914
49101
49225
49323
49426
49612
49754
49850
49993
50113
50264
50405
50479
50614
50729
50805
50922
51022
51156
51255
51445
51622
51706
51788
51890
52043
52151
52265
52393
52543
52675
52759
52864
52970
53104
53240
53392
53533
53649
53776
53905
53978
54067
54247
54356
54471
54584
54663
54801
54904
54996
55098
55242
55373
55452
55620
55734
55867
56061
56139
56244
56379
56491
56589
56707
56826
56946
57038
57208
57352
57433
57516
57633
57750
57923
57986
58099
58213
58347
58457
58593
58721
58810
58946
59072
59164
59300
59432
59551
59645
59766
59886
60030
60122
60269
60359
60522
60674
60753
60899
61012
61126
61257
61349
61450
61560
61684
61832
61997
62152
62256
62384
62502
62614
62704
62783
62908
63038
63207
63381
63484
63569
63685
63793
63932
64024
64155
64313
64473
64582
64680
64821
64918
65040
65111
65226
65338
65465
65535
65699
65788
65890
65984
66107
66180
66329
66455
66600
66785
66913
67040
67167
67304
67388
67541
67691
67826
67948
68069
68173
68279
68412
68531
68585
68655
68800
68939
69050
69166
69339
69459
69551
69658
69790
69870
69964
70134
70245
70335
70432
70584
70734
70860
70931
71069
71216
71381
71506
71655
71768
71925
72019
72125
72213
72358
72506
72628
72792
72883
72988
73101
73222
73302
73369
73526
73663
73823
73937
74025
74132
74301
74398
74518
74637
74756
74851
74923
75070
75177
75326
75459
75581
75675
75750
75841
75959
76062
76264
76412
76507
76587
76742
76865
77004
77083
77182
77325
77491
77606
77728
77906
78045
78156
78259
78411
78498
78604
78776
78921
78996
79076
79260
79355
79481
79598
79798
79895
80025
80171
80274
80386
80473
80582
80680
80772
80881
80966
81059
81134
81238
81380
81490
81610
81756
81872
81981
82075
82200
82354
82443
82602
82740
82847
82955
83097
83215
83317
83420
83558
83692
83766
83873
84021
84130
84249
84421
84536
84694
84786
84914
85047
85191
85320
85445
