0
35
116
247
443
716
978
1299
1604
1959
2318
2698
3003
3294
3628
3937
4236
4593
4911
5247
5616
6054
6411
6805
7182
7515
7841
8176
8485
8853
9217
9574
9958
10369
10692
10978
11312
11645
12074
12434
12818
13137
13584
14004
14379
14761
15132
15465
15813
16262
16681
16967
17324
17596
17951
18318
18706
19000
19323
19687
20072
20405
20766
21121
21452
21828
22228
22616
22947
23270
23620
23971
24408
24791
25158
25544
25882
26208
26578
26861
27221
27607
28014
28358
28704
29113
29430
29755
30071
30493
30826
31189
31533
31921
32261
32601
32973
33264
33574
33897
34334
34707
35087
35546
35952
36305
36699
37056
37443
37814
38176
38508
38867
39177
39526
39878
40218
40519
40888
41228
41564
41934
42259
42639
42970
43432
43777
44209
44527
44845
45186
45623
46059
46425
46828
47205
47592
47858
48191
48567
48906
49242
49598
49932
50283
50578
50926
51357
51718
52127
52500
52881
53228
53573
53944
54314
54657
54938
55255
55659
56054
56430
56742
57111
57561
57955
58319
58721
59089
59402
59678
59992
60258
60628
60998
61367
61757
62161
62552
62891
63243
63544
63901
64265
64623
64963
65257
65651
66026
66410
66795
67152
67517
67851
68192
68578
68957
69321
69688
70010
70400
70756
71202
71585
71924
72267
72616
73018
73386
73751
74074
74424
74727
75089
75539
75899
76290
76698
77013
77394
77776
78142
78484
78795
79143
79482
79885
80267
80611
80985
81315
81653
82011
82357
82700
83071
83447
83749
84077
84470
84832
85227
85581
85956
86346
86697
87073
87450
87804
88122
88492
88887
89218
89509
89848
90178
90568
90969
91302
91691
92009
92392
92694
93054
93429
93768
94075
94413
94808
95211
95583
95961
96321
96691
97118
97454
97825
98127
98479
98815
99143
99510
99835
100204
100555
100861
101284
101662
102031
102377
102740
103085
103484
103771
104121
104573
104925
105446
105813
106119
106508
106808
107094
107247
107397
107580
107698
107820
107865
107908
107937
107948
107959
107967
107970
