NaN
0.00541824435291335
0.004271265566077201
0.0033891402073412025
0.002983980336072966
0.0027747808782257583
0.0030439502822372645
0.003019465483504755
0.0034028294685708228
0.003398067250387663
0.003457110779308828
0.0034805362878680083
0.003427168205950251
0.0037408042989496874
0.003780666708557661
0.0038387098029532404
0.003995274853644537
0.004153092382366121
0.00429123530088223
0.004445574165384698
0.004549042031989562
0.004712809598978758
0.004741919168574427
0.004883378486697921
0.0049818028173127535
0.005153653225199805
0.005278180719669598
0.005381632216451797
0.005445738235619889
0.005522672127124895
0.00560971333540533
0.0057536387552699275
0.005821951029386089
0.005913735346107877
0.006022379054231784
0.00614869443374166
0.006244000043743704
0.006392327373727657
0.006458187049130751
0.006579339763831766
0.0066414865290336305
0.00674200166580151
0.006714445590534373
0.0068526637924780165
0.006940237753968258
0.0069541930655868806
0.006962712830546551
0.007016661174947719
0.007092371815567927
0.007151822637424612
0.007202180365432415
0.007272040743695153
0.007337483087373923
0.007338283852200866
0.007390995380684049
0.0074403718079535455
0.007529503230404342
0.007572426419543619
0.007632379855313081
0.007710207894934984
0.007768563272011097
0.007802039646019121
0.00782527343468419
0.007872653976234977
0.007910925087740361
0.007958464178087207
0.008036114245977425
0.008081753091605168
0.008099375719838629
0.008156259976216619
0.008242922002119624
0.008349239785597984
0.008368079387355292
0.008466204459506445
0.008477508379703702
0.008481794636245743
0.008499484336604262
0.00856188586115725
0.008599623859553717
0.00865006652853445
0.008676676661677232
0.008710733810172646
0.008759578394375902
0.008799559593144128
0.008836822952095468
0.008861732454831815
0.008942516791720413
0.008936766785742655
0.008995865704132704
0.009008017121256866
0.009046737310746553
0.009088922800530037
0.00909758716222346
0.009204361239519376
0.009274162818105964
0.009288007357913287
0.009297423822666573
0.009326578640796291
0.009390929951260433
0.009401350583252435
0.009407019231617016
0.00942977578914261
0.009469025990856323
0.009458266686863807
0.009502560049655058
0.009533615200272969
0.009553523199601816
0.00954647948391815
0.009623513299663176
0.009661472706501507
0.00974462922118493
0.009793308662524905
0.00986473255514751
0.009910392531034913
0.009897121282698857
0.009920890679011704
0.009945488508484696
0.009976885263044888
0.00999489783300673
0.010016673605451986
0.010070219660875599
0.010097932437719734
0.010116672492951555
0.010120065258680876
0.010122551688265856
0.010131066614248598
0.01013954972056749
0.010148299515240761
0.010159651415766954
0.010192234733945184
0.010201389134205308
0.01020456392905888
0.010239795395248701
0.010279833656554199
0.01027490957447906
0.010275522657296208
0.010298195485812503
0.010357775972097834
0.010330162781067603
0.010335583284403848
0.010339721077601486
0.010384052339948104
0.010427625467063722
0.010477256621813718
0.010507320280633422
0.010568872663165474
0.010577035201411393
0.010562061611401514
0.010589113492744011
0.010593220431569994
0.010597587240633933
0.01064335608419911
0.010633319627254906
0.010635299633853406
0.010667672758949838
0.010623190060340463
0.010635176084063799
0.010626573644396464
0.010659211255115519
0.010713975802821123
0.01071394503797808
0.010732442114349473
0.010717154498325764
0.01069735373564592
0.010714614026893016
0.01072073848830934
0.010738984988733885
0.010762598123594366
0.01075047076903193
0.010752013051544738
0.010775332435908466
0.010834379627457483
0.010851007016373466
0.010874738755053175
0.010878768958962672
0.010894248793129318
0.010885307709339914
0.01087531531696053
0.01089538761938381
0.01091935041595816
0.010929653274633347
0.010930681073334381
0.01094721759142024
0.010946753500545962
0.010958993955345086
0.010947458167951821
0.010963741937932377
0.010970544129256105
0.010989828733489271
0.010962659304619177
0.010976314448022315
0.010974602887105315
0.010997014922539
0.011004550105642816
0.011023185565598807
0.01102911962758276
0.01102529986124267
0.011041528257021118
0.011040452433207391
0.01105557354919642
0.011075428684693259
0.011097485041775093
0.011116977697922479
0.011107889671169196
0.011113875480459367
0.011117660152788587
0.0111419514490484
0.011153837130894259
0.01115266591293355
0.011169003941474492
0.011183658594153987
0.011196861895168784
0.011204250712885227
0.01121691099112303
0.011223275067753995
0.011253525609453412
0.011270943918389769
0.011272154513879244
0.011290360815330741
0.01130988073267347
0.011316004832217796
0.011333141222558563
0.011334337988259184
0.011335584813837538
0.011323949639141333
0.011315272245577742
0.011323617535875729
0.011329226211792625
0.011310117066605136
0.011331879593133708
0.011354086256755486
0.011361096497544116
0.011350402405818777
0.011331131363086397
0.011354294352250952
0.01137886696814765
0.011380273163550905
0.011414941071528632
0.011418858161891775
0.011416809551550812
0.011405156364609929
0.011420336579502045
0.011416067999502212
0.011415942374845285
0.011438343322878367
0.011463791992984093
0.011469790705648372
0.011459875552975136
0.011472612494567576
0.011476049702292556
0.011481460613070512
0.0114738389068769
0.011477529227548985
0.011481433913957922
0.01148317056070618
0.011473627166934992
0.011476987191536609
0.011488418035824519
0.01148648935947666
0.011477517659675238
0.011506708615646356
0.011496721117380641
0.011500628094313091
0.011492066677747811
0.011491574654586962
0.011491141504122032
0.011508562592406043
0.011507767491674233
0.011526118283525047
0.01155199141222982
0.011573001810410197
0.01158014917550981
0.011586593348183963
0.011595914761815781
0.011595750608328924
0.011599521243652858
0.011615168928188388
0.011613922224628372
0.011613980346405992
0.011604665566621928
0.011609301771529534
0.011609668650665171
0.011615796550548254
0.0116246235104261
0.011621934566453211
0.011637989496525107
0.01164014500790849
0.011645443127694055
0.011656529537588044
0.011655591782877915
0.011660862299289044
0.011674059040699188
0.011673888543249264
0.011664588686160144
0.01167000277656242
0.011674853415747373
0.011675808098577468
0.011681980439111967
0.011669029038755292
0.011667181277974137
0.011671554188946881
0.011690064746611908
0.011687873168832241
0.011698886623185679
0.011712513889300866
0.011741849978623863
0.011753891126456768
0.011781194575317044
0.011799617962064525
0.011825682578000193
0.011855496190714465
0.01187867517892251
0.011910226517235981
0.011932062013615095
0.011964763075747026
NaN
NaN
NaN
NaN
NaN
NaN
NaN
NaN
NaN
NaN
NaN
NaN
NaN
NaN
NaN
NaN
NaN
NaN
NaN
NaN
NaN
NaN
NaN
NaN
NaN
NaN
NaN
NaN
NaN
NaN
NaN
NaN
NaN
NaN
NaN
NaN
NaN
NaN
NaN
NaN
NaN
NaN
NaN
NaN
NaN
NaN
NaN
NaN
NaN
NaN
NaN
NaN
NaN
NaN
NaN
NaN
NaN
NaN
NaN
NaN
NaN
NaN
NaN
NaN
NaN
NaN
NaN
NaN
NaN
NaN
NaN
NaN
NaN
NaN
NaN
NaN
NaN
NaN
NaN
NaN
NaN
NaN
NaN
NaN
NaN
NaN
NaN
NaN
NaN
NaN
NaN
NaN
NaN
NaN
NaN
NaN
NaN
NaN
NaN
NaN
NaN
NaN
NaN
NaN
NaN
NaN
NaN
NaN
NaN
NaN
NaN
NaN
NaN
NaN
NaN
NaN
NaN
NaN
NaN
NaN
NaN
NaN
NaN
NaN
NaN
NaN
NaN
NaN
NaN
NaN
NaN
NaN
NaN
NaN
NaN
NaN
NaN
NaN
NaN
NaN
NaN
NaN
NaN
NaN
NaN
NaN
NaN
NaN
NaN
NaN
NaN
NaN
NaN
NaN
NaN
NaN
NaN
NaN
NaN
NaN
NaN
NaN
NaN
NaN
NaN
NaN
NaN
NaN
NaN
NaN
NaN
NaN
NaN
NaN
NaN
NaN
NaN
NaN
NaN
NaN
NaN
NaN
NaN
NaN
NaN
NaN
NaN
NaN
NaN
NaN
NaN
NaN
NaN
NaN
NaN
NaN
NaN
NaN
NaN
NaN
NaN
NaN
NaN
NaN
NaN
NaN
NaN
NaN
NaN
NaN
NaN
NaN
NaN
NaN
NaN
NaN
NaN
NaN
NaN
NaN
NaN
NaN
NaN
NaN
NaN
NaN
NaN
NaN
NaN
NaN
NaN
NaN
NaN
NaN
NaN
NaN
NaN
NaN
NaN
NaN
NaN
NaN
NaN
NaN
NaN
NaN
NaN
NaN
NaN
NaN
NaN
NaN
NaN
NaN
NaN
NaN
NaN
NaN
NaN
NaN
NaN
NaN
NaN
NaN
NaN
NaN
NaN
NaN
NaN
NaN
NaN
NaN
NaN
NaN
NaN
NaN
NaN
NaN
NaN
NaN
NaN
NaN
NaN
NaN
NaN
NaN
NaN
NaN
NaN
NaN
NaN
NaN
NaN
NaN
NaN
NaN
NaN
NaN
NaN
NaN
NaN
NaN
NaN
NaN
NaN
NaN
NaN
NaN
NaN
NaN
NaN
NaN
NaN
NaN
NaN
NaN
NaN
NaN
NaN
NaN
NaN
NaN
NaN
NaN
NaN
NaN
NaN
NaN
NaN
NaN
NaN
NaN
NaN
NaN
NaN
NaN
NaN
NaN
NaN
NaN
NaN
NaN
NaN
NaN
NaN
NaN
NaN
NaN
NaN
NaN
NaN
NaN
NaN
NaN
NaN
NaN
NaN
NaN
NaN
NaN
NaN
NaN
NaN
NaN
NaN
NaN
NaN
NaN
NaN
NaN
NaN
NaN
NaN
NaN
NaN
NaN
NaN
NaN
NaN
NaN
NaN
NaN
NaN
NaN
NaN
NaN
NaN
NaN
NaN
NaN
NaN
NaN
NaN
NaN
NaN
NaN
NaN
NaN
NaN
NaN
NaN
NaN
NaN
NaN
NaN
NaN
NaN
NaN
NaN
NaN
NaN
NaN
NaN
NaN
NaN
NaN
NaN
NaN
NaN
NaN
NaN
NaN
NaN
NaN
NaN
NaN
NaN
NaN
NaN
NaN
NaN
NaN
NaN
NaN
NaN
NaN
NaN
NaN
NaN
NaN
NaN
NaN
NaN
NaN
NaN
NaN
NaN
NaN
NaN
NaN
NaN
NaN
NaN
NaN
NaN
NaN
NaN
NaN
NaN
NaN
NaN
NaN
NaN
NaN
NaN
NaN
NaN
NaN
NaN
NaN
NaN
NaN
NaN
NaN
NaN
NaN
NaN
NaN
NaN
NaN
NaN
NaN
NaN
NaN
NaN
NaN
NaN
NaN
NaN
NaN
NaN
NaN
NaN
NaN
NaN
NaN
NaN
NaN
NaN
NaN
NaN
NaN
NaN
NaN
NaN
NaN
NaN
NaN
NaN
NaN
NaN
NaN
NaN
NaN
NaN
NaN
NaN
NaN
NaN
NaN
NaN
NaN
NaN
NaN
NaN
NaN
NaN
NaN
NaN
NaN
NaN
NaN
NaN
NaN
NaN
NaN
NaN
NaN
NaN
NaN
NaN
NaN
NaN
NaN
NaN
NaN
NaN
NaN
NaN
NaN
NaN
NaN
NaN
NaN
NaN
NaN
NaN
NaN
NaN
NaN
NaN
NaN
NaN
NaN
NaN
NaN
NaN
NaN
NaN
NaN
