0
0
0
0
0
0
0
0
0
0
0
0
0
0
0
0
0
0
0
0
0
0
0
0
0
0
0
0
0
0
0
0
0
0
0
0
0
0
0
0
0
0
0
0
0
0
0
0
0
0
0
0
0
0
0
0
0
0
0
0
0
0
0
0
0
0
0
0
0
0
0
0
0
0
0
0
0
0
0
0
0
0
0
0
0
0
0
0
0
0
0
0
0
0
0
0
0
0
0
0
0
0
0
0
0
0
0
0
0
0
0
0
0
0
0
0
0
0
0
0
0
0
0
0
0
0
0
0
0
0
0
0
0
0
0
17
61
141
286
488
737
964
1193
1448
1670
1905
2181
2379
2606
2838
3082
3292
3570
3898
4189
4412
4669
4938
5235
5495
5722
5984
6254
6576
6797
6953
7214
7592
7885
8059
8331
8630
8944
9253
9487
9798
10133
10458
10710
10934
11203
11464
11725
11935
12187
12467
12751
13033
13269
13515
13748
14024
14256
14579
14897
15175
15452
15661
15859
16138
16404
16727
17070
17311
17559
17794
18083
18387
18631
18908
19178
19441
19703
19951
20220
20426
20713
20971
21284
21563
21853
22087
22363
22694
22997
23219
23503
23751
24008
24347
24682
24939
25185
25452
25713
25912
26241
26496
26782
27072
27311
27614
27854
28146
28445
28722
28940
29167
29391
29686
29983
30226
30446
30735
31011
31264
31496
31729
32032
32347
32624
32949
33218
33470
33766
34058
34320
34638
34926
35193
35431
35631
35852
36160
36516
36804
37083
37298
37617
37926
38190
38424
38664
38997
39281
39522
39799
40064
40320
40563
40846
41130
41412
41657
41923
42185
42492
42758
42972
43197
43450
43742
44064
44312
44568
44860
45155
45442
45692
46043
46252
46495
46770
47042
47313
47566
47797
48040
48346
48635
48946
49198
49406
49692
49955
50152
50424
50650
50964
51261
51559
51845
52175
52449
52701
52968
53238
53482
53765
54038
54347
54649
54896
55158
55388
55665
55974
56233
56488
56778
57105
57408
57715
57977
58245
58508
58731
58991
59299
59598
59884
60111
60335
60602
60884
61116
61377
61621
61896
62131
62343
62630
62857
63107
63473
63753
64021
64360
64694
65025
65278
65539
65761
66037
66271
66534
66806
67129
67451
67770
68020
68267
68543
68785
69024
69200
69430
69683
69969
70241
70502
70824
71084
71312
71556
71838
72153
72429
72701
72984
73319
73564
73851
74124
74377
74656
74925
75171
75467
75712
75992
76260
76606
76879
77142
77398
77649
77919
78162
78368
78579
78834
79122
79405
79732
80019
80236
80388
80557
80663
80747
80854
80895
80910
80932
80940
80954
80977
80981
0
0
0
0
0
0
0
0
0
0
0
0
0
0
0
0
0
0
0
0
0
0
0
0
0
0
0
0
0
0
0
0
0
0
0
0
0
0
0
0
0
0
0
0
0
0
0
0
0
0
0
0
0
0
0
0
0
0
0
0
0
0
0
0
0
0
0
0
0
0
0
0
0
0
0
0
0
0
0
0
0
0
0
0
0
0
0
0
0
0
0
0
0
0
0
0
0
0
0
0
0
0
0
0
0
0
0
0
0
0
0
0
0
0
0
0
0
0
0
0
0
0
0
0
0
0
0
0
0
0
0
0
0
0
0
0
0
0
0
0
0
0
0
0
0
0
0
0
0
0
0
0
0
0
0
0
0
0
0
0
0
0
0
0
0
0
0
0
0
0
0
0
0
0
0
0
0
0
0
0
0
0
0
0
0
0
0
0
0
0
0
0
0
0
0
0
0
0
0
0
0
0
0
0
0
0
0
0
0
0
0
0
0
0
0
0
0
0
0
0
0
0
0
0
0
0
0
0
0
0
0
0
0
0
0
0
0
0
0
0
0
0
0
0
0
0
0
0
0
0
0
0
0
0
0
0
0
0
0
0
0
0
0
0
0
0
0
0
0
0
0
0
0
0
0
0
0
0
0
0
0
0
0
0
0
0
0
0
0
0
0
0
0
0
0
0
0
0
0
0
0
0
0
0
0
0
0
0
0
0
0
0
0
0
0
0
0
0
0
0
0
0
0
0
0
0
0
0
0
0
0
0
0
0
0
0
0
0
0
0
0
0
0
0
0
0
0
0
0
0
0
0
0
0
0
0
0
0
0
0
0
0
0
0
0
0
0
0
0
0
0
0
0
0
0
0
0
0
0
0
0
0
0
0
0
0
0
0
0
0
0
0
0
0
0
0
0
0
0
0
0
0
0
0
0
0
0
0
0
0
0
0
0
0
0
0
0
0
0
0
0
0
0
0
0
0
0
0
0
0
0
0
0
0
0
0
0
0
0
0
0
0
0
0
0
0
0
0
0
0
0
0
0
0
0
0
0
0
0
0
0
0
0
0
0
0
0
0
0
0
0
0
0
0
0
0
0
0
0
0
0
0
0
0
0
0
0
0
0
0
0
0
0
0
0
0
0
0
0
0
0
0
0
0
0
0
0
0
0
0
0
0
0
0
0
0
0
0
0
0
0
