0
175723
408506
828783
1360745
1951758
2904539
3718455
5186902
6001863
7019468
7984575
8786115
10677473
11854532
12994133
14637334
16524709
18493359
20485229
22056853
24175959
25755504
27924587
29846291
32544208
34856135
37252284
39119830
41139864
43380522
46212516
48698305
51365127
53890382
56982104
60006982
63269759
65689745
68869830
71270526
74028123
75488636
79257757
82006002
84154824
86294123
89210578
92253698
94939325
97566370
100526235
103640189
105949064
109064190
112074218
115726526
118668864
121868072
125571060
128990205
132022420
134445818
137508978
140444588
143874793
147434364
150681323
153608814
157037477
161073168
165677080
168391527
172730573
175370849
177838522
180920641
184590548
188000440
191578861
194364748
198049768
201970815
205664437
209386991
212687959
216843400
219191214
222963789
225859995
229265616
233124659
236000146
241430752
246116139
249477414
252855936
256562864
260975744
263867742
266721976
270249010
274194075
277203977
281260387
285086195
288581262
291559329
296303038
300490140
305842777
310484754
315526295
319984059
322340576
326108371
329676680
333457370
336954982
340799606
345223316
349045185
352922901
355978993
359255918
362406637
365650193
368882267
372073844
376274007
379665523
382994288
387471394
391889811
395054143
398049430
402234608
407726293
409615410
412543562
415417166
420354439
425330860
430488435
435107667
440730044
444259547
446892279
451051972
454019019
456895383
461897230
465000775
468142906
472349158
474140642
477901050
480716399
485193067
490696064
493871895
497677741
499950786
502610139
506890155
510512134
514336214
518749279
521441191
524916943
529313656
535380835
539632038
543746711
547115170
551122292
553487940
556239310
559730607
563886243
567745313
571154699
574884511
578339267
582459432
585449498
589990779
593524212
597958588
599443334
603698552
607131488
611658662
615193010
619522100
623205316
626411803
630842552
633935531
637744033
642067448
646428644
650811661
653689819
657239650
660856404
665720282
669718752
673239415
677475361
681547674
685550153
689564042
693912488
697745279
703038882
707454592
711278889
715633120
719935977
723635372
727995243
731471562
734822742
737185515
739760826
743737298
747307431
749025458
753781279
758432990
762160344
764520709
766482168
771295208
776289627
780011335
786092156
789842447
793110859
795954209
800397273
803163254
806134193
811176291
816196361
820483907
823784728
828216808
832355167
835868293
838836999
842337912
845987732
849441934
852174544
855458664
859033982
862035335
864712978
870102585
872500566
876630762
879518181
882950153
886195959
891036330
894377539
899611451
905172886
910171545
913943442
917644996
921989953
925502667
929646677
933761474
937335970
940553383
942988210
947037775
950538116
954601887
958647825
961373464
966171686
970145576
974103393
978755369
982358905
985979778
990102425
994012706
996782761
1000436906
1004105499
1008053656
1012133201
1014346812
1017417898
1020851123
1025801989
1028223147
1031464162
1034269670
1038186696
1040019115
1043007052
1044951028
1047482953
1050180007
1052356404
1055253182
1057217366
1060180868
0
0
0
0
0
0
0
0
0
0
0
0
0
0
0
0
0
0
0
0
0
0
0
0
0
0
0
0
0
0
0
0
0
0
0
0
0
0
0
0
0
0
0
0
0
0
0
0
0
0
0
0
0
0
0
0
0
0
0
0
0
0
0
0
0
0
0
0
0
0
0
0
0
0
0
0
0
0
0
0
0
0
0
0
0
0
0
0
0
0
0
0
0
0
0
0
0
0
0
0
0
0
0
0
0
0
0
0
0
0
0
0
0
0
0
0
0
0
0
0
0
0
0
0
0
0
0
0
0
0
0
0
0
0
0
0
0
0
0
0
0
0
0
0
0
0
0
0
0
0
0
0
0
0
0
0
0
0
0
0
0
0
0
0
0
0
0
0
0
0
0
0
0
0
0
0
0
0
0
0
0
0
0
0
0
0
0
0
0
0
0
0
0
0
0
0
0
0
0
0
0
0
0
0
0
0
0
0
0
0
0
0
0
0
0
0
0
0
0
0
0
0
0
0
0
0
0
0
0
0
0
0
0
0
0
0
0
0
0
0
0
0
0
0
0
0
0
0
0
0
0
0
0
0
0
0
0
0
0
0
0
0
0
0
0
0
0
0
0
0
0
0
0
0
0
0
0
0
0
0
0
0
0
0
0
0
0
0
0
0
0
0
0
0
0
0
0
0
0
0
0
0
0
0
0
0
0
0
0
0
0
0
0
0
0
0
0
0
0
0
0
0
0
0
0
0
0
0
0
0
0
0
0
0
0
0
0
0
0
0
0
0
0
0
0
0
0
0
0
0
0
0
0
0
0
0
0
0
0
0
0
0
0
0
0
0
0
0
0
0
0
0
0
0
0
0
0
0
0
0
0
0
0
0
0
0
0
0
0
0
0
0
0
0
0
0
0
0
0
0
0
0
0
0
0
0
0
0
0
0
0
0
0
0
0
0
0
0
0
0
0
0
0
0
0
0
0
0
0
0
0
0
0
0
0
0
0
0
0
0
0
0
0
0
0
0
0
0
0
0
0
0
0
0
0
0
0
0
0
0
0
0
0
0
0
0
0
0
0
0
0
0
0
0
0
0
0
0
0
0
0
0
0
0
0
0
0
0
0
0
0
0
0
0
0
0
0
0
0
0
0
0
0
0
0
0
0
0
0
0
0
0
0
0
0
0
0
0
0
0
0
0
0
0
0
0
0
0
0
0
0
0
0
0
0
0
0
0
0
0
0
0
0
0
0
0
0
0
0
0
0
0
0
0
0
0
0
0
0
0
0
0
0
0
0
0
0
0
0
0
