0
35
105
215
336
543
767
1078
1339
1615
1850
2107
2376
2669
2981
3289
3596
3949
4298
4557
4850
5100
5370
5676
5990
6269
6500
6727
6963
7316
7593
7884
8194
8496
8798
9097
9394
9675
10025
10378
10666
10947
11245
11571
11807
12111
12413
12702
12985
13318
13648
13996
14265
14555
14810
15147
15403
15653
15863
16169
16469
16812
17109
17445
17747
18067
18367
18669
18967
19241
19575
19885
20263
20622
20941
21282
21523
21824
22039
22351
22651
22954
23203
23476
23819
24124
24430
24694
25019
25340
25628
25962
26243
26566
26843
27133
27379
27676
28019
28300
28543
28865
29204
29501
29766
30058
30424
30686
31000
31339
31677
31965
32285
32534
32809
33123
33406
33724
34016
34332
34646
35014
35326
35646
35905
36152
36469
36762
37061
37370
37628
37888
38264
38504
38723
39020
39365
39621
39861
40206
40526
40811
41101
41453
41775
42073
42330
42601
43020
43375
43672
43979
44298
44596
44894
45143
45404
45699
45986
46264
46607
46915
47227
47536
47864
48278
48516
48758
49058
49395
49683
49999
50302
50571
50843
51106
51437
51703
51982
52272
52535
52848
53244
53519
53810
54097
54465
54800
55131
55421
55669
55975
56278
56576
56866
57148
57476
57822
58139
58368
58623
58892
59146
59436
59691
60024
60339
60699
60984
61328
61633
61958
62258
62542
62851
63191
63446
63677
63967
64401
64745
65053
65332
65623
65876
66179
66481
66758
67010
67296
67606
67916
68230
68510
68771
69073
69356
69647
69918
70186
70460
70827
71140
71467
71744
72097
72422
72763
73036
73321
73674
73985
74256
74547
74842
75171
75523
75844
76114
76368
76711
76993
77300
77618
77886
78201
78454
78720
79005
79280
79506
79799
80036
80355
80648
81033
81303
81685
81977
82286
82631
82880
83258
83563
83873
84169
84475
84808
85092
85451
85798
86014
86355
86642
86862
87120
87472
87736
88043
88303
88583
88821
89099
89285
89438
89602
89731
89818
89859
89908
89922
89962
89986
89988
89992
