0
57
162
356
599
973
1376
1851
2295
2806
3220
3637
4114
4504
5013
5480
5884
6330
6784
7238
7711
8235
8711
9329
9789
10250
10656
11047
11511
11988
12441
12885
13349
13793
14263
14776
15313
15796
16260
16762
17238
17676
18171
18637
19068
19551
20141
20592
21055
21523
22093
22662
23141
23602
24109
24564
25026
25534
26061
26597
27143
27536
27940
28375
28893
29291
29736
30228
30748
31224
31745
32252
32703
33155
33572
34044
34482
35012
35507
36042
36506
37028
37479
37970
38493
38915
39317
39816
40338
40769
41273
41759
42302
42823
43366
43802
44231
44695
45222
45649
46106
46556
47041
47516
47978
48479
48919
49368
49900
50405
50967
51416
51885
52430
52941
53371
53795
54283
54802
55298
55854
56354
56928
57393
57846
58235
58727
59210
59679
60188
60604
61075
61545
62015
62503
62928
63423
63945
64446
64894
65386
65845
66277
66722
67204
67688
68229
68670
69159
69633
70100
70582
71062
71551
72031
72462
72965
73530
74030
74486
74956
75390
75883
76396
76904
77457
77900
78349
78753
79232
79702
80239
80685
81106
81609
82017
82527
83032
83486
83959
84418
84902
85393
85948
86372
86825
87303
87738
88218
88733
89284
89816
90421
90922
91504
91941
92383
92840
93252
93665
94075
94518
95001
95491
95994
96430
96926
97450
97930
98397
98918
99421
99950
100425
100946
101338
101877
102341
102822
103357
103868
104283
104679
105144
105635
106135
106599
107052
107496
107964
108454
108943
109436
109957
110380
110855
111304
111723
112256
112727
113206
113707
114212
114739
115237
115824
116264
116735
117174
117651
118045
118609
119073
119538
119961
120372
120808
121226
121814
122378
122913
123452
123903
124399
124956
125405
125835
126267
126755
127204
127667
128211
128620
129085
129587
130027
130524
131005
131439
131927
132433
132899
133374
133878
134380
134836
135360
135872
136305
136754
137304
137773
138276
138727
139162
139611
140068
140589
141047
141555
142075
142487
142870
143161
143395
143553
143691
143777
143844
143889
143921
143944
143959
143978
143990
