0
211766
634696
1306355
2217021
3146585
4410539
5587236
7018325
8700607
10706183
12766834
14950795
17039697
19384739
21764573
24021678
26339229
29259221
31539449
33912150
37053229
39915741
42963307
46291254
49789741
52956615
57381067
60412151
64806491
68684066
71661305
74998364
78128430
81341817
85061591
89255464
93189614
96547147
101651856
105889250
111101241
115058483
119958499
124728879
128664659
132822793
138825621
143354394
148383378
152813770
157585599
163339898
167865335
172898585
177638559
183476438
188307900
194183181
199146515
204655553
210718318
216018006
220706118
225369432
232126861
238697933
244547868
249719937
254984354
260561264
265118391
270778803
277278144
281264897
285792591
291653214
296068073
301287935
305351523
311478939
316931755
323089307
327961651
332717669
339526210
345075251
352035149
356811705
363752891
368702988
372324180
377404465
382892597
387152097
391636640
396616380
400961166
406880482
413457678
419055089
423479293
429514779
435161097
439891047
444510511
450635747
455427348
460063252
465852348
471253554
478545857
485996752
493884280
500154784
506629917
512606091
517834895
525189008
529464829
535296298
542480681
548960062
553990941
559780442
565217030
572013870
578641433
584130871
589632567
595215340
600049927
605075933
610977074
617518135
623364158
628667205
634995560
640620296
648215924
653641196
658738786
666098135
673112422
681198007
688733847
693118169
697778485
704819694
709043148
715467081
721033927
726589626
732564043
739323151
744775007
750839944
757513420
764143892
769770040
774954070
779920612
785165088
792571373
798906681
804161123
809081504
813960546
817559192
827352380
832573511
838773384
844375215
853323826
860698815
865400780
871754810
878378673
883037293
890064081
896825743
902855591
910433813
916322152
921620916
929257584
936437296
942254921
947495617
951705629
957475783
963620093
969162393
974757048
980347368
986819583
994841468
999604186
1004674735
1009555653
1014590021
1019727639
1024163731
1027771443
1031106096
1034202631
1037699452
1042536212
1046718343
1048686274
1051021252
1055473771
1059014155
1063872992
1066550513
1068344313
1072109014
1075853410
1077754439
1080363453
1082957993
1085688533
1087463901
1090165772
1091531022
1093441638
1095956002
1098343933
1100639556
1102953491
1105527691
1107543677
1109107911
1110712966
1113325279
1115682850
1116741452
1118566501
1119117416
1120650541
1123141506
1124741791
1125296376
1125993419
1126725776
1127673224
1128569570
1128648292
1129492486
1130349401
1130704270
1131257229
1131844096
1132267686
1133401874
1134851709
1135221607
1135793327
1136159281
1137895913
1138548338
1139603929
1139928648
1140540638
1140805685
1141392686
1141399414
1141983845
1142016973
1142129951
1142308861
1142437063
1142965291
1143271957
1143812591
1144322010
1144564615
1145320282
1145440358
1145527467
1146155211
1146890769
1147045514
1147164696
1147520873
1147659585
1147804883
1148179028
1148371554
1148517192
1148876748
1149085509
1149088672
1149182875
1149255902
1149380238
1149525067
1149678752
1149725068
1150050059
1150165421
1150245176
1150641359
1150868509
1150921828
1151018206
1151116501
1151169932
1151212650
1151333879
1151360887
1151778694
1151785424
1151795361
1151795361
0
0
0
0
0
0
0
0
0
0
0
0
0
0
0
0
0
0
0
0
0
0
0
0
0
0
0
0
0
0
0
0
0
0
0
0
0
0
0
0
0
0
0
0
0
0
0
0
0
0
0
0
0
0
0
0
0
0
0
0
0
0
0
0
0
0
0
0
0
0
0
0
0
0
0
0
0
0
0
0
0
0
0
0
0
0
0
0
0
0
0
0
0
0
0
0
0
0
0
0
0
0
0
0
0
0
0
0
0
0
0
0
0
0
0
0
0
0
0
0
0
0
0
0
0
0
0
0
0
0
0
0
0
0
0
0
0
0
0
0
0
0
0
0
0
0
0
0
0
0
0
0
0
0
0
0
0
0
0
0
0
0
0
0
0
0
0
0
0
0
0
0
0
0
0
0
0
0
0
0
0
0
0
0
0
0
0
0
0
0
0
0
0
0
0
0
0
0
0
0
0
0
0
0
0
0
0
0
0
0
0
0
0
0
0
0
0
0
0
0
0
0
0
0
0
0
0
0
0
0
0
0
0
0
0
0
0
0
0
0
0
0
0
0
0
0
0
0
0
0
0
0
0
0
0
0
0
0
0
0
0
0
0
0
0
0
0
0
0
0
0
0
0
0
0
0
0
0
0
0
0
0
0
0
0
0
0
0
0
0
0
0
0
0
0
0
0
0
0
0
0
0
0
0
0
0
0
0
0
0
0
0
0
0
0
0
0
0
0
0
0
0
0
0
0
0
0
0
0
0
0
0
0
0
0
0
0
0
0
0
0
0
0
0
0
0
0
0
0
0
0
0
0
0
0
0
0
0
0
0
0
0
0
0
0
0
0
0
0
0
0
0
0
0
0
0
0
0
0
0
0
0
0
0
0
0
0
0
0
0
0
0
0
0
0
0
0
0
0
0
0
0
0
0
0
0
0
0
0
0
0
0
0
0
0
0
0
0
0
0
0
0
0
0
0
0
0
0
0
0
0
0
0
0
0
0
0
0
0
0
0
0
0
0
0
0
0
0
0
0
0
0
0
0
0
0
0
0
0
0
0
0
0
0
0
0
0
0
0
0
0
0
0
0
0
0
0
0
0
0
0
0
0
0
0
0
0
0
0
0
0
0
0
0
0
0
0
0
0
0
0
0
0
0
0
0
0
0
0
0
0
0
0
0
0
0
0
0
0
0
0
0
0
0
0
0
0
0
