0
30515
87825
195857
249684
383975
569486
823285
993059
1204558
1539808
1720736
1998518
2203819
2481765
2916605
3220888
3365938
3548228
3710801
3952779
4087408
4257344
4625812
4775592
4775592
5166113
5322737
5793134
5870789
6076959
6466855
6616979
7182894
7413385
8183793
8546170
8744063
8831958
9123267
9417785
10034435
10525293
10867199
11507188
11770265
12534169
12817737
13544968
13937205
14348607
14613528
15258154
15658861
16419069
16785191
17314784
17959353
18516480
18868882
19594888
20184349
20893276
21182330
21831769
22322863
23018096
23676389
24260158
24790465
25286694
26201875
26416290
27072277
27199786
27629421
27897712
28436854
28510694
28812146
29077333
30059103
30518972
31133716
31292135
32283498
33160851
33759222
34318102
34794736
35499836
36080913
36851546
37068655
37427221
37890127
38723235
38981767
39603348
40532733
41037277
41496055
42286246
42455735
42825327
43862982
44823397
45227126
46517976
47090770
47843187
47950911
48621562
48915955
49089353
49254329
50413802
51617634
51787166
52060590
52583475
53230485
53963698
54283922
54762923
55186103
55521863
56204831
57535695
57586214
57691627
58179698
58981247
59251218
59426254
59635739
59889389
60158213
60573075
61191298
61715955
62491826
63135701
63815128
64400691
64816584
65940820
66467010
67011624
67513628
68244865
69516588
70823580
71640101
72564207
73097802
74423255
75451889
76216186
76887698
77858818
78630509
79021525
79407240
79660083
79831387
80458541
81206431
81727507
82549485
83010419
83625127
84427920
85570977
85705590
86289884
87025640
87618543
88963404
89597648
90268435
90717667
91282055
91771143
92463288
93142324
93708829
94403328
95477009
95702290
95873817
96727623
97446707
98023293
98865978
98923445
99826281
101576889
101918860
102252054
102539292
103270294
103773191
104318721
104469505
105174661
105581615
106550764
107228732
107810603
107934440
108551649
108839088
109408820
109693854
111201796
111427142
112024722
113471158
113852174
114346446
114594087
115221729
115853697
116510911
117444933
118057212
118199171
118441775
119181622
120398272
121022898
121244142
121890812
122372435
122760879
123961341
124690703
125267404
126039899
126956689
127837528
127971937
129170788
129539401
130631065
131146302
131757568
132874620
133219083
133890649
134400219
135225739
136318325
136570156
136933107
137043495
137281577
137875451
138261437
138408145
138782298
139160134
139573032
140107460
140543015
141135843
142081135
143503221
144344978
144970393
146302214
147306220
147588765
147841719
148559365
148909823
148939609
149084807
149628735
150185188
151220834
151845128
151851880
152980228
153591086
154295145
155230264
155798987
156493449
157120687
157187805
157874320
158505616
159474251
160071347
160954728
161442295
162839682
162870184
163086971
163738753
164435138
165377816
165908615
166270026
166673993
166955104
167031357
168179213
168575298
169064192
169411239
0
0
0
0
0
0
0
0
0
0
0
0
0
0
0
0
0
0
0
0
0
0
0
0
0
0
0
0
0
0
0
0
0
0
0
0
0
0
0
0
0
0
0
0
0
0
0
0
0
0
0
0
0
0
0
0
0
0
0
0
0
0
0
0
0
0
0
0
0
0
0
0
0
0
0
0
0
0
0
0
0
0
0
0
0
0
0
0
0
0
0
0
0
0
0
0
0
0
0
0
0
0
0
0
0
0
0
0
0
0
0
0
0
0
0
0
0
0
0
0
0
0
0
0
0
0
0
0
0
0
0
0
0
0
0
0
0
0
0
0
0
0
0
0
0
0
0
0
0
0
0
0
0
0
0
0
0
0
0
0
0
0
0
0
0
0
0
0
0
0
0
0
0
0
0
0
0
0
0
0
0
0
0
0
0
0
0
0
0
0
0
0
0
0
0
0
0
0
0
0
0
0
0
0
0
0
0
0
0
0
0
0
0
0
0
0
0
0
0
0
0
0
0
0
0
0
0
0
0
0
0
0
0
0
0
0
0
0
0
0
0
0
0
0
0
0
0
0
0
0
0
0
0
0
0
0
0
0
0
0
0
0
0
0
0
0
0
0
0
0
0
0
0
0
0
0
0
0
0
0
0
0
0
0
0
0
0
0
0
0
0
0
0
0
0
0
0
0
0
0
0
0
0
0
0
0
0
0
0
0
0
0
0
0
0
0
0
0
0
0
0
0
0
0
0
0
0
0
0
0
0
0
0
0
0
0
0
0
0
0
0
0
0
0
0
0
0
0
0
0
0
0
0
0
0
0
0
0
0
0
0
0
0
0
0
0
0
0
0
0
0
0
0
0
0
0
0
0
0
0
0
0
0
0
0
0
0
0
0
0
0
0
0
0
0
0
0
0
0
0
0
0
0
0
0
0
0
0
0
0
0
0
0
0
0
0
0
0
0
0
0
0
0
0
0
0
0
0
0
0
0
0
0
0
0
0
0
0
0
0
0
0
0
0
0
0
0
0
0
0
0
0
0
0
0
0
0
0
0
0
0
0
0
0
0
0
0
0
0
