0
29184000
82944000
182272000
306688000
498176000
704512000
947712000
1175040000
1436672000
1648640000
1862144000
2106368000
2306048000
2566656000
2805760000
3012608000
3240960000
3473408000
3705856000
3948032000
4216320000
4460032000
4776448000
5011968000
5248000000
5455872000
5656064000
5893632000
6137856000
6369792000
6597120000
6834688000
7062016000
7302656000
7565312000
7840256000
8087552000
8325120000
8582144000
8825856000
9050112000
9303552000
9542144000
9762816000
10010112000
10312192000
10543104000
10780160000
11019776000
11311616000
11602944000
11848192000
12084224000
12343808000
12576768000
12813312000
13073408000
13343232000
13617664000
13897216000
14098432000
14305280000
14528000000
14793216000
14996992000
15224832000
15476736000
15742976000
15986688000
16253440000
16513024000
16743936000
16975360000
17188864000
17430528000
17654784000
17926144000
18179584000
18453504000
18691072000
18958336000
19189248000
19440640000
19708416000
19924480000
20130304000
20385792000
20653056000
20873728000
21131776000
21380608000
21658624000
21925376000
22203392000
22426624000
22646272000
22883840000
23153664000
23372288000
23606272000
23836672000
24084992000
24328192000
24564736000
24821248000
25046528000
25276416000
25548800000
25807360000
26095104000
26324992000
26565120000
26844160000
27105792000
27325952000
27543040000
27792896000
28058624000
28312576000
28597248000
28853248000
29147136000
29385216000
29617152000
29816320000
30068224000
30315520000
30555648000
30816256000
31029248000
31270400000
31511040000
31751680000
32001536000
32219136000
32472576000
32739840000
32996352000
33225728000
33477632000
33712640000
33933824000
34161664000
34408448000
34656256000
34933248000
35159040000
35409408000
35652096000
35891200000
36137984000
36383744000
36634112000
36879872000
37100544000
37358080000
37647360000
37903360000
38136832000
38377472000
38599680000
38852096000
39114752000
39374848000
39657984000
39884800000
40114688000
40321536000
40566784000
40807424000
41082368000
41310720000
41526272000
41783808000
41992704000
42253824000
42512384000
42744832000
42987008000
43222016000
43469824000
43721216000
44005376000
44222464000
44454400000
44699136000
44921856000
45167616000
45431296000
45713408000
45985792000
46295552000
46552064000
46850048000
47073792000
47300096000
47534080000
47745024000
47956480000
48166400000
48393216000
48640512000
48891392000
49148928000
49372160000
49626112000
49894400000
50140160000
50379264000
50646016000
50903552000
51174400000
51417600000
51684352000
51885056000
52161024000
52398592000
52644864000
52918784000
53180416000
53392896000
53595648000
53833728000
54085120000
54341120000
54578688000
54810624000
55037952000
55277568000
55528448000
55778816000
56031232000
56297984000
56514560000
56757760000
56987648000
57202176000
57475072000
57716224000
57961472000
58217984000
58476544000
58746368000
59001344000
59301888000
59527168000
59768320000
59993088000
60237312000
60439040000
60727808000
60965376000
61203456000
61420032000
61630464000
61853696000
62067712000
62368768000
62657536000
62931456000
63207424000
63438336000
63692288000
63977472000
64207360000
64427520000
64648704000
64898560000
65128448000
65365504000
65644032000
65853440000
66091520000
66348544000
66573824000
66828288000
67074560000
67296768000
67546624000
67805696000
68044288000
68287488000
68545536000
68802560000
69036032000
69304320000
69566464000
69788160000
70018048000
70299648000
70539776000
70797312000
71028224000
71250944000
71480832000
71714816000
71981568000
72216064000
72476160000
72742400000
72953344000
73149440000
73298432000
73418240000
73499136000
73569792000
73613824000
73648128000
73671168000
73687552000
73699328000
73707008000
73716736000
73722880000
