0
35840000
110592000
232448000
436224000
677376000
963584000
1239040000
1578496000
1889792000
2184192000
2486784000
2789888000
3088384000
3436544000
3756544000
4062720000
4415488000
4743680000
5058560000
5390848000
5747200000
6052864000
6345728000
6653440000
6995968000
7293440000
7588352000
7851008000
8159744000
8456704000
8790528000
9104384000
9424384000
9773568000
10114048000
10406400000
10739200000
11045376000
11376640000
11699712000
12041728000
12425216000
12736000000
13048320000
13335040000
13681664000
13999104000
14307840000
14622208000
14949376000
15244800000
15598592000
15926784000
16246272000
16550912000
16891904000
17229312000
17597952000
17901568000
18226688000
18541568000
18867712000
19229184000
19535872000
19876352000
20200960000
20488192000
20803072000
21126144000
21472256000
21773824000
22080000000
22418944000
22756352000
23037440000
23382016000
23702016000
24041472000
24396288000
24691200000
25004032000
25330176000
25685504000
26024448000
26331136000
26625024000
26966016000
27246592000
27570688000
27889664000
28223488000
28530688000
28837376000
29145088000
29461504000
29824000000
30113280000
30441984000
30753792000
31092224000
31413248000
31723520000
32046592000
32374272000
32712704000
33063936000
33379328000
33716736000
34041344000
34386944000
34689024000
35003392000
35301888000
35592704000
35936768000
36247040000
36603392000
36891648000
37251072000
37566464000
37854720000
38219776000
38558720000
38901248000
39235584000
39581184000
39886336000
40236544000
40571392000
40888832000
41181696000
41444352000
41734144000
42092544000
42436608000
42764800000
43076608000
43387392000
43705344000
44019712000
44352512000
44684800000
45056000000
45346304000
45686784000
46009344000
46355456000
46689280000
47009280000
47341568000
47639552000
47948288000
48257536000
48591360000
48891904000
49182720000
49474048000
49777664000
50100736000
50446848000
50763264000
51129344000
51429888000
51802112000
52146176000
52444672000
52721152000
53034496000
53341696000
53673472000
53958656000
54284288000
54609920000
54955520000
55261696000
55610880000
55976448000
56348672000
56645632000
56951808000
57264640000
57610752000
57945088000
58269184000
58563584000
58897920000
59238400000
59518464000
59845120000
60170752000
60497920000
60787712000
61136384000
61433344000
61769216000
62125568000
62450688000
62814208000
63129600000
63420416000
63753728000
64055808000
64361472000
64657408000
64943104000
65216512000
65566208000
65909248000
66223104000
66543104000
66862080000
67209216000
67493888000
67816960000
68134400000
68514304000
68848640000
69172736000
69528064000
69850624000
70187520000
70515712000
70806528000
71101440000
71428608000
71764992000
72113152000
72413696000
72736256000
73019392000
73298944000
73605632000
73904640000
74226688000
74595840000
74911744000
75267584000
75575808000
75877376000
76162560000
76464640000
76782592000
77137408000
77544960000
77867520000
78195200000
78495744000
78826496000
79122432000
79416320000
79744000000
80076800000
80430592000
80781824000
81114112000
81463808000
81766912000
82097152000
82446848000
82739200000
83024384000
83282944000
83594240000
83930624000
84245504000
84588032000
84877824000
85257216000
85551104000
85864448000
86214656000
86553088000
86851072000
87173632000
87495680000
87802880000
88117248000
88439808000
88769536000
89083392000
89441280000
89812992000
90121216000
90449920000
90760704000
91124736000
91405824000
91742720000
92077568000
92395520000
92712960000
93040640000
93406208000
93717504000
94064128000
94375424000
94700544000
95003648000
95333376000
95639552000
95920128000
96151552000
96348672000
96492544000
96594944000
96671744000
96708096000
96732160000
96750080000
96758784000
96762368000
96762368000
96764416000
96766976000
