0
17920000
59392000
126464000
226816000
366592000
500736000
665088000
821248000
1003008000
1186816000
1381376000
1537536000
1686528000
1857536000
2015744000
2168832000
2351616000
2514432000
2686464000
2875392000
3099648000
3282432000
3484160000
3677184000
3847680000
4014592000
4186112000
4344320000
4532736000
4719104000
4901888000
5098496000
5308928000
5474304000
5620736000
5791744000
5962240000
6181888000
6366208000
6562816000
6726144000
6955008000
7170048000
7362048000
7557632000
7747584000
7918080000
8096256000
8326144000
8540672000
8687104000
8869888000
9009152000
9190912000
9378816000
9577472000
9728000000
9893376000
10079744000
10276864000
10447360000
10632192000
10813952000
10983424000
11175936000
11380736000
11579392000
11748864000
11914240000
12093440000
12273152000
12496896000
12692992000
12880896000
13078528000
13251584000
13418496000
13607936000
13752832000
13937152000
14134784000
14343168000
14519296000
14696448000
14905856000
15068160000
15234560000
15396352000
15612416000
15782912000
15968768000
16144896000
16343552000
16517632000
16691712000
16882176000
17031168000
17189888000
17355264000
17579008000
17769984000
17964544000
18199552000
18407424000
18588160000
18789888000
18972672000
19170816000
19360768000
19546112000
19716096000
19899904000
20058624000
20237312000
20417536000
20591616000
20745728000
20934656000
21108736000
21280768000
21470208000
21636608000
21831168000
22000640000
22237184000
22413824000
22635008000
22797824000
22960640000
23135232000
23358976000
23582208000
23769600000
23975936000
24168960000
24367104000
24503296000
24673792000
24866304000
25039872000
25211904000
25394176000
25565184000
25744896000
25895936000
26074112000
26294784000
26479616000
26689024000
26880000000
27075072000
27252736000
27429376000
27619328000
27808768000
27984384000
28128256000
28290560000
28497408000
28699648000
28892160000
29051904000
29240832000
29471232000
29672960000
29859328000
30065152000
30253568000
30413824000
30555136000
30715904000
30852096000
31041536000
31230976000
31419904000
31619584000
31826432000
32026624000
32200192000
32380416000
32534528000
32717312000
32903680000
33086976000
33261056000
33411584000
33613312000
33805312000
34001920000
34199040000
34381824000
34568704000
34739712000
34914304000
35111936000
35305984000
35492352000
35680256000
35845120000
36044800000
36227072000
36455424000
36651520000
36825088000
37000704000
37179392000
37385216000
37573632000
37760512000
37925888000
38105088000
38260224000
38445568000
38675968000
38860288000
39060480000
39269376000
39430656000
39625728000
39821312000
40008704000
40183808000
40343040000
40521216000
40694784000
40901120000
41096704000
41272832000
41464320000
41633280000
41806336000
41989632000
42166784000
42342400000
42532352000
42724864000
42879488000
43047424000
43248640000
43433984000
43636224000
43817472000
44009472000
44209152000
44388864000
44581376000
44774400000
44955648000
45118464000
45307904000
45510144000
45679616000
45828608000
46002176000
46171136000
46370816000
46576128000
46746624000
46945792000
47108608000
47304704000
47459328000
47643648000
47835648000
48009216000
48166400000
48339456000
48541696000
48748032000
48938496000
49132032000
49316352000
49505792000
49724416000
49896448000
50086400000
50241024000
50421248000
50593280000
50761216000
50949120000
51115520000
51304448000
51484160000
51640832000
51857408000
52050944000
52239872000
52417024000
52602880000
52779520000
52983808000
53130752000
53309952000
53541376000
53721600000
53988352000
54176256000
54332928000
54532096000
54685696000
54832128000
54910464000
54987264000
55080960000
55141376000
55203840000
55226880000
55248896000
55263744000
55269376000
55275008000
55279104000
55280640000
