0
8704000
31232000
72192000
146432000
249856000
377344000
493568000
610816000
741376000
855040000
975360000
1116672000
1218048000
1334272000
1453056000
1577984000
1685504000
1827840000
1995776000
2144768000
2258944000
2390528000
2528256000
2680320000
2813440000
2929664000
3063808000
3202048000
3366912000
3480064000
3559936000
3693568000
3887104000
4037120000
4126208000
4265472000
4418560000
4579328000
4737536000
4857344000
5016576000
5188096000
5354496000
5483520000
5598208000
5735936000
5869568000
6003200000
6110720000
6239744000
6383104000
6528512000
6672896000
6793728000
6919680000
7038976000
7180288000
7299072000
7464448000
7627264000
7769600000
7911424000
8018432000
8119808000
8262656000
8398848000
8564224000
8739840000
8863232000
8990208000
9110528000
9258496000
9414144000
9539072000
9680896000
9819136000
9953792000
10087936000
10214912000
10352640000
10458112000
10605056000
10737152000
10897408000
11040256000
11188736000
11308544000
11449856000
11619328000
11774464000
11888128000
12033536000
12160512000
12292096000
12465664000
12637184000
12768768000
12894720000
13031424000
13165056000
13266944000
13435392000
13565952000
13712384000
13860864000
13983232000
14138368000
14261248000
14410752000
14563840000
14705664000
14817280000
14933504000
15048192000
15199232000
15351296000
15475712000
15588352000
15736320000
15877632000
16007168000
16125952000
16245248000
16400384000
16561664000
16703488000
16869888000
17007616000
17136640000
17288192000
17437696000
17571840000
17734656000
0
8704000
31232000
72192000
146432000
249856000
377344000
493568000
610816000
741376000
855040000
975360000
1116672000
1218048000
1334272000
1453056000
1577984000
1685504000
1827840000
1995776000
2144768000
2258944000
2390528000
2528256000
2680320000
2813440000
2929664000
3063808000
3202048000
3366912000
3480064000
3559936000
3693568000
3887104000
4037120000
4126208000
4265472000
4418560000
4579328000
4737536000
4857344000
5016576000
5188096000
5354496000
5483520000
5598208000
5735936000
5869568000
6003200000
6110720000
6239744000
6383104000
6528512000
6672896000
6793728000
6919680000
7038976000
7180288000
7299072000
7464448000
7627264000
7769600000
7911424000
8018432000
8119808000
8262656000
8398848000
8564224000
8739840000
8863232000
8990208000
9110528000
9258496000
9414144000
9539072000
9680896000
9819136000
9953792000
10087936000
10214912000
10352640000
10458112000
10605056000
10737152000
10897408000
11040256000
11188736000
11308544000
11449856000
11619328000
11774464000
11888128000
12033536000
12160512000
12292096000
12465664000
12637184000
12768768000
12894720000
13031424000
13165056000
13266944000
13435392000
13565952000
13712384000
13860864000
13983232000
14138368000
14261248000
14410752000
14563840000
14705664000
14817280000
14933504000
15048192000
15199232000
15351296000
15475712000
15588352000
15736320000
15877632000
16007168000
16125952000
16245248000
16400384000
16561664000
16703488000
16869888000
17007616000
17136640000
17288192000
17437696000
17571840000
17734656000
17882112000
18018816000
18140672000
18243072000
18356224000
18513920000
18696192000
18843648000
18986496000
19096576000
19259904000
19418112000
19553280000
19673088000
19795968000
19966464000
20111872000
20235264000
20377088000
20512768000
20643840000
20768256000
20913152000
21058560000
21202944000
21328384000
21464576000
21598720000
21755904000
21892096000
22001664000
22116864000
22246400000
22395904000
22560768000
22687744000
22818816000
22968320000
23119360000
23266304000
23394304000
23574016000
23681024000
23805440000
23946240000
24085504000
24224256000
24353792000
24472064000
24596480000
24753152000
24901120000
25060352000
25189376000
25295872000
25442304000
25576960000
25677824000
25817088000
25932800000
26093568000
26245632000
26398208000
26544640000
26713600000
26853888000
26982912000
27119616000
27257856000
27382784000
27527680000
27667456000
27825664000
27980288000
28106752000
28240896000
28358656000
28500480000
28658688000
28791296000
28921856000
29070336000
29237760000
29392896000
29550080000
29684224000
29821440000
29956096000
30070272000
30203392000
30361088000
30514176000
30660608000
30776832000
30891520000
31028224000
31172608000
31291392000
31425024000
31549952000
31690752000
31811072000
31919616000
32066560000
32182784000
32310784000
32498176000
32641536000
32778752000
32952320000
33123328000
33292800000
33422336000
33555968000
33669632000
33810944000
33930752000
34065408000
34204672000
34370048000
34534912000
34698240000
34826240000
34952704000
35094016000
35217920000
35340288000
35430400000
35548160000
35677696000
35824128000
35963392000
36097024000
36261888000
36395008000
36511744000
36636672000
36781056000
36942336000
37083648000
37222912000
37367808000
37539328000
37664768000
37811712000
37951488000
38081024000
38223872000
38361600000
38487552000
38639104000
38764544000
38907904000
39045120000
39222272000
39362048000
39496704000
39627776000
39756288000
39894528000
40018944000
40124416000
40232448000
40363008000
40510464000
40655360000
40822784000
40969728000
41080832000
41158656000
41245184000
41299456000
41342464000
41397248000
41418240000
41425920000
41437184000
41441280000
41448448000
41460224000
41462272000
0
0
0
0
0
0
0
0
0
0
0
0
0
0
0
0
0
0
0
0
0
0
0
0
0
0
0
0
0
0
0
0
0
0
0
0
0
0
0
0
0
0
0
0
0
0
0
0
0
0
0
0
0
0
0
0
0
0
0
0
0
0
0
0
0
0
0
0
0
0
0
0
0
0
0
0
0
0
0
0
0
0
0
0
0
0
0
0
0
0
0
0
0
0
0
0
0
0
0
0
0
0
0
0
0
0
0
0
0
0
0
0
0
0
0
0
0
0
0
0
0
0
0
0
0
0
0
0
0
0
0
0
0
0
0
0
0
0
0
0
0
0
0
0
0
0
0
0
0
0
0
0
0
0
0
0
0
0
0
0
0
0
0
0
0
0
0
0
0
0
0
0
0
0
0
0
0
0
0
0
0
0
0
0
0
0
0
0
0
0
0
0
0
0
0
0
0
0
0
0
0
0
0
0
0
0
0
0
0
0
0
0
0
0
0
0
0
0
0
0
0
0
0
0
0
0
0
0
0
0
0
0
0
0
0
0
0
0
0
0
0
0
0
0
0
0
0
0
0
0
0
0
0
0
0
0
0
0
0
0
0
0
0
0
0
0
0
0
0
0
0
0
0
0
0
0
0
0
0
0
0
0
0
0
0
0
0
0
0
0
0
0
0
0
0
0
0
0
0
0
0
0
0
0
0
0
0
0
0
0
0
0
0
0
0
0
0
0
0
0
0
0
0
0
0
0
0
0
0
0
0
0
0
0
0
0
0
0
0
0
0
0
0
0
0
0
0
0
0
0
0
0
0
0
0
0
0
0
0
0
0
0
0
0
0
0
0
0
0
0
0
0
0
0
0
0
0
0
0
0
0
0
0
0
0
0
0
0
0
0
0
0
0
0
0
0
0
0
0
0
0
0
0
0
0
0
0
0
0
0
0
0
0
0
0
0
0
0
0
0
0
0
0
0
0
0
0
0
0
0
0
0
0
0
0
0
0
0
0
0
0
0
0
0
0
0
0
0
0
0
0
0
0
0
0
0
0
0
0
0
0
0
0
0
0
0
0
0
0
0
0
0
0
0
0
0
0
0
0
0
0
0
0
0
0
0
0
0
0
0
0
0
0
0
0
0
0
0
0
0
0
0
0
0
0
0
0
0
0
0
0
0
0
0
0
0
0
0
0
0
0
