0
17920000
53760000
110080000
172032000
278016000
392704000
551936000
685568000
826880000
947200000
1078784000
1216512000
1366528000
1526272000
1683968000
1841152000
2021888000
2200576000
2333184000
2483200000
2611200000
2749440000
2906112000
3066880000
3209728000
3328000000
3444224000
3565056000
3745792000
3887616000
4036608000
4195328000
4349952000
4504576000
4657664000
4809728000
4953600000
5132800000
5313536000
5460992000
5604864000
5757440000
5924352000
6045184000
6200832000
6355456000
6503424000
6648320000
6818816000
6987776000
7165952000
7303680000
7452160000
7582720000
7755264000
7886336000
8014336000
8121856000
8278528000
8432128000
8607744000
8759808000
8931840000
9086464000
9250304000
9403904000
9558528000
9711104000
9851392000
10022400000
10181120000
10374656000
10558464000
10721792000
10896384000
11019776000
11173888000
11283968000
11443712000
11597312000
11752448000
11879936000
12019712000
12195328000
12351488000
12508160000
12643328000
12809728000
12974080000
13121536000
13292544000
13436416000
13601792000
13743616000
13892096000
14018048000
14170112000
14345728000
14489600000
14614016000
14778880000
14952448000
15104512000
15240192000
15389696000
15577088000
15711232000
15872000000
16045568000
16218624000
16366080000
16529920000
16657408000
16798208000
16958976000
17103872000
17266688000
17416192000
17577984000
17738752000
17927168000
18086912000
18250752000
18383360000
18509824000
18672128000
18822144000
18975232000
19133440000
19265536000
19398656000
19591168000
19714048000
19826176000
19978240000
20154880000
20285952000
20408832000
20585472000
20749312000
20895232000
21043712000
21223936000
21388800000
21541376000
21672960000
21811712000
22026240000
22208000000
22360064000
22517248000
22680576000
22833152000
22985728000
23113216000
23246848000
23397888000
23544832000
23687168000
23862784000
24020480000
24180224000
24338432000
24506368000
24718336000
24840192000
24964096000
25117696000
25290240000
25437696000
25599488000
25754624000
25892352000
26031616000
26166272000
26335744000
26471936000
26614784000
26763264000
26897920000
27058176000
27260928000
27401728000
27550720000
27697664000
27886080000
28057600000
28227072000
28375552000
28502528000
28659200000
28814336000
28966912000
29115392000
29259776000
29427712000
29604864000
29767168000
29884416000
30014976000
30152704000
30282752000
30431232000
30561792000
30732288000
30893568000
31077888000
31223808000
31399936000
31556096000
31722496000
31876096000
32021504000
32179712000
32353792000
32484352000
32602624000
32751104000
32973312000
33149440000
33307136000
33449984000
33598976000
33728512000
33883648000
34038272000
34180096000
34309120000
34455552000
34614272000
34772992000
34933760000
35077120000
35210752000
35365376000
35510272000
35659264000
35798016000
35935232000
36075520000
36263424000
36423680000
36591104000
36732928000
36913664000
37080064000
37254656000
37394432000
37540352000
37721088000
37880320000
38019072000
38168064000
38319104000
38487552000
38667776000
38832128000
38970368000
39100416000
39276032000
39420416000
39577600000
39740416000
39877632000
40038912000
40168448000
40304640000
40450560000
40591360000
40707072000
40857088000
40978432000
41141760000
41291776000
41488896000
41627136000
41822720000
41972224000
42130432000
42307072000
42434560000
42628096000
42784256000
42942976000
43094528000
43251200000
43421696000
43567104000
43750912000
43928576000
44039168000
44213760000
44360704000
44473344000
44605440000
44785664000
44920832000
45078016000
45211136000
45354496000
45476352000
45618688000
45713920000
45792256000
45876224000
45942272000
45986816000
46007808000
46032896000
46040064000
46060544000
46072832000
46073856000
46075904000
