0
10240000
31232000
70656000
121344000
190464000
256000000
335872000
424448000
513024000
595968000
686592000
781824000
871424000
948224000
1028608000
1127424000
1252352000
1375232000
1477632000
1604096000
1716736000
1837056000
1922560000
2054656000
2146304000
2258944000
2329088000
2421248000
2525696000
2628096000
2719744000
2830336000
2939904000
3091968000
3175936000
3278848000
3413504000
3523584000
3627008000
3723776000
3849728000
3953152000
4054016000
4151296000
4262912000
4384256000
4500992000
4603392000
4717568000
4809728000
4921344000
5016576000
5114880000
5236736000
5348352000
5465088000
5580288000
5690368000
5815808000
5937664000
6019072000
6106112000
6234624000
6346752000
6438912000
6545920000
6641152000
6756352000
6855168000
6985216000
7069696000
7211008000
7337472000
7467520000
7563776000
7692800000
7799808000
7910912000
8015360000
8108032000
8206336000
8299008000
8424960000
8502272000
8621056000
8710144000
8826880000
8943104000
9055232000
9147904000
9242624000
9345536000
9435648000
9554944000
9654272000
9759744000
9875456000
9993216000
10107392000
10209792000
10320384000
10426880000
10512384000
10615296000
10743296000
10854400000
10975744000
11066368000
11194880000
11288576000
11401216000
11530240000
11634176000
11736064000
11853824000
11960832000
12056576000
12160512000
12283904000
12403712000
12480512000
12572160000
12679168000
12776960000
12918272000
13028864000
13152256000
13253632000
13370880000
13480448000
13602304000
13697536000
13807104000
13898240000
14002176000
14082048000
14179328000
14274560000
14344704000
14441984000
14555136000
14662144000
14787072000
14902272000
14979072000
15072256000
15189504000
15297536000
15403520000
15563776000
15652864000
15771648000
15898112000
15996928000
16083968000
16212992000
16309760000
16405504000
16514560000
16636928000
16746496000
16844800000
16956416000
17040896000
17138176000
17269248000
17382912000
17516032000
17592832000
17694720000
17811456000
17895424000
17989632000
18136576000
18270208000
18370048000
18493440000
18590720000
18726912000
18833920000
18953728000
19053568000
19164160000
19254272000
19341312000
19449344000
19552768000
19680256000
19792896000
19888640000
19994624000
20119040000
20229632000
20328448000
20442624000
20560384000
20660224000
20755456000
20839936000
20933632000
21046784000
21173760000
21284352000
21399552000
21520384000
21619712000
21737984000
21820416000
21959680000
22059520000
22166016000
22272000000
22371840000
22445056000
22537216000
22654976000
22764544000
22868992000
22995968000
23091200000
23202304000
23295488000
23412736000
23520768000
23640576000
23726080000
23839232000
23964160000
24072192000
24174080000
24295424000
24403968000
24534016000
24648192000
24719360000
24843264000
24927232000
25046528000
25157632000
25281536000
25379328000
25466880000
25610240000
25681408000
25779200000
25909760000
26002432000
26087936000
26169856000
26285056000
26378240000
26479616000
26564096000
26677760000
26798592000
26905600000
27028992000
27140096000
27239424000
27361280000
27479552000
27569664000
27675136000
27776000000
27871232000
27996672000
28113408000
28205056000
28338688000
28444672000
28546048000
28672000000
28768256000
28888064000
29020672000
29122048000
29230592000
29308928000
29432320000
29529600000
29620736000
29724672000
29840384000
29989888000
30089728000
30180864000
30297088000
30421504000
30523392000
30636032000
30720512000
30792704000
30894592000
30974976000
31078912000
31236096000
31397888000
31473664000
31585280000
31696896000
31779840000
31886848000
31976960000
32055808000
32113664000
32139264000
32171520000
32208896000
32228864000
32234496000
32239104000
32247296000
32247808000
0
0
0
0
0
0
0
0
0
0
0
0
0
0
0
0
0
0
0
0
0
0
0
0
0
0
0
0
0
0
0
0
0
0
0
0
0
0
0
0
0
0
0
0
0
0
0
0
0
0
0
0
0
0
0
0
0
0
0
0
0
0
0
0
0
0
0
0
0
0
0
0
0
0
0
0
0
0
0
0
0
0
0
0
0
0
0
0
0
0
0
0
0
0
0
0
0
0
0
0
0
0
0
0
0
0
0
0
0
0
0
0
0
0
0
0
0
0
0
0
0
0
0
0
0
0
0
0
0
0
0
0
0
0
0
0
0
0
0
0
0
0
0
0
0
0
0
0
0
0
0
0
0
0
0
0
0
0
0
0
0
0
0
0
0
0
0
0
0
0
0
0
0
0
0
0
0
0
0
0
0
0
0
0
0
0
0
0
0
0
0
0
0
0
0
0
0
0
0
0
0
0
0
0
0
0
0
0
0
0
0
0
0
0
0
0
0
0
0
0
0
0
0
0
0
0
0
0
0
0
0
0
0
0
0
0
0
0
0
0
0
0
0
0
0
0
0
0
0
0
0
0
0
0
0
0
0
0
0
0
0
0
0
0
0
0
0
0
0
0
0
0
0
0
0
0
0
0
0
0
0
0
0
0
0
0
0
0
0
0
0
0
0
0
0
0
0
0
0
0
0
0
0
0
0
0
0
0
0
0
0
0
0
0
0
0
0
0
0
0
0
0
0
0
0
0
0
0
0
0
0
0
0
0
0
0
0
0
0
0
0
0
0
0
0
0
0
0
0
0
0
0
0
0
0
0
0
0
0
0
0
0
0
0
0
0
0
0
0
0
0
0
0
0
0
0
0
0
0
0
0
0
0
0
0
0
0
0
0
0
0
0
0
0
0
0
0
0
0
0
0
0
0
0
0
0
0
0
0
0
0
0
0
0
0
0
0
0
0
0
0
0
0
0
0
0
0
0
0
0
0
0
0
0
0
0
0
0
0
0
0
0
0
0
0
0
0
0
0
0
0
0
0
0
0
0
0
0
0
0
0
0
0
0
0
0
0
0
0
0
0
0
0
0
0
0
0
0
0
0
0
0
0
0
0
0
0
0
0
0
0
0
0
0
0
0
0
0
0
0
0
0
0
0
0
0
0
0
0
0
0
0
0
0
0
0
0
0
0
0
0
0
0
0
0
0
0
0
0
0
0
0
0
0
0
0
0
0
0
0
0
0
0
0
0
0
0
0
0
0
0
0
0
0
0
0
0
0
0
0
