0
32256000
95232000
243712000
454656000
701440000
951296000
1227776000
1519104000
1760256000
2023424000
2286080000
2554880000
2843648000
3123712000
3372032000
3649024000
3962368000
4291072000
4587520000
4826624000
5105664000
5405696000
5690368000
5961216000
6282240000
6568960000
6884864000
7144448000
7408128000
7689728000
7985664000
8315904000
8634368000
8894464000
9210368000
9550336000
9834496000
10105856000
10398720000
10659840000
10906112000
11167232000
11486720000
11734016000
12017152000
12307456000
12624896000
12915200000
13179904000
13449216000
13723136000
14021120000
14331904000
14647296000
14950912000
15254016000
15552512000
15845376000
16160768000
16475136000
16789504000
17046528000
17329152000
17612800000
17934336000
18199040000
18493952000
18811904000
19096576000
19379712000
19677696000
19954688000
20229632000
20511232000
20789248000
21105152000
21374976000
21673472000
21956096000
22206464000
22538240000
22855168000
23166464000
23485440000
23788032000
24031744000
24307712000
24562176000
24847360000
25113088000
25416192000
25704960000
25988608000
26291712000
26610688000
26943488000
27252224000
27529216000
27803136000
28086784000
28388864000
28682752000
29030912000
29317120000
29618176000
29918208000
30249472000
30493184000
30801408000
31079936000
31393280000
31669760000
31967744000
32246784000
32544768000
32818688000
33089536000
33375744000
33682432000
33936384000
34216960000
34532352000
34819584000
35131392000
35409408000
35696128000
35980288000
36250624000
36541440000
36837376000
37148672000
37452288000
37730304000
38053376000
38339584000
38656512000
38956544000
39242752000
39502336000
39761408000
40060416000
40363520000
40657408000
40974848000
41260032000
41558016000
41864192000
42144768000
42405376000
42656256000
42935808000
43265536000
43549696000
43806208000
44158464000
44457984000
44756480000
45033472000
45308928000
45602304000
45873664000
46149632000
46481920000
46801408000
47108608000
47379968000
47680512000
47982592000
48295424000
48593408000
48879616000
49191424000
49457152000
49744896000
50037248000
50293760000
50590720000
50813440000
51077120000
51377664000
51681280000
51939328000
52253696000
52566528000
52892672000
53222912000
53508096000
53812224000
54081024000
54396416000
54714368000
55008768000
55288320000
55582208000
55882240000
56189440000
56502784000
56785408000
57047552000
57330176000
57603584000
57891328000
58195456000
58479616000
58781184000
59083264000
59374080000
59692544000
59979264000
60259840000
60541440000
60855296000
61169152000
61471744000
61769728000
62060544000
62389248000
62668800000
62935552000
63224320000
63507968000
63804416000
64089600000
64362496000
64637440000
64936448000
65215488000
65477120000
65764864000
66039808000
66322944000
66591744000
66877440000
67158528000
67445760000
67760640000
68079104000
68380160000
68675584000
68993024000
69284864000
69550592000
69808640000
70106112000
70381568000
70713856000
71060480000
71362560000
71697408000
71965696000
72269824000
72547840000
72837120000
73123328000
73420288000
73681408000
73914880000
74185728000
74475008000
74746880000
75018752000
75347968000
75653120000
75951616000
76233728000
76532736000
76825088000
77150208000
77451264000
77735936000
78009344000
78281216000
78587904000
78888448000
79215616000
79457792000
79770624000
80044032000
80316416000
80628736000
80924160000
81226752000
81508352000
81759232000
82052608000
82374656000
82672640000
82987520000
83299840000
83568640000
83822080000
84154368000
84456960000
84726784000
85001728000
85328896000
85628416000
85912064000
86185984000
86444032000
86724096000
86945280000
87136256000
87270400000
87379456000
87442944000
87488512000
87513088000
87529472000
87531520000
87539712000
87545344000
87545856000
87548416000
0
0
0
0
0
0
0
0
0
0
0
0
0
0
0
0
0
0
0
0
0
0
0
0
0
0
0
0
0
0
0
0
0
0
0
0
0
0
0
0
0
0
0
0
0
0
0
0
0
0
0
0
0
0
0
0
0
0
0
0
0
0
0
0
0
0
0
0
0
0
0
0
0
0
0
0
0
0
0
0
0
0
0
0
0
0
0
0
0
0
0
0
0
0
0
0
0
0
0
0
0
0
0
0
0
0
0
0
0
0
0
0
0
0
0
0
0
0
0
0
0
0
0
0
0
0
0
0
0
0
0
0
0
0
0
0
0
0
0
0
0
0
0
0
0
0
0
0
0
0
0
0
0
0
0
0
0
0
0
0
0
0
0
0
0
0
0
0
0
0
0
0
0
0
0
0
0
0
0
0
0
0
0
0
0
0
0
0
0
0
0
0
0
0
0
0
0
0
0
0
0
0
0
0
0
0
0
0
0
0
0
0
0
0
0
0
0
0
0
0
0
0
0
0
0
0
0
0
0
0
0
0
0
0
0
0
0
0
0
0
0
0
0
0
0
0
0
0
0
0
0
0
0
0
0
0
0
0
0
0
0
0
0
0
0
0
0
0
0
0
0
0
0
0
0
0
0
0
0
0
0
0
0
0
0
0
0
0
0
0
0
0
0
0
0
0
0
0
0
0
0
0
0
0
0
0
0
0
0
0
0
0
0
0
0
0
0
0
0
0
0
0
0
0
0
0
0
0
0
0
0
0
0
0
0
0
0
0
0
0
0
0
0
0
0
0
0
0
0
0
0
0
0
0
0
0
0
0
0
0
0
0
0
0
0
0
0
0
0
0
0
0
0
0
0
0
0
0
0
0
0
0
0
0
0
0
0
0
0
0
0
0
0
0
0
0
0
0
0
0
0
0
0
0
0
0
0
0
0
0
0
0
0
0
0
0
0
0
0
0
0
0
0
0
0
0
0
0
0
0
0
0
0
0
0
0
0
0
0
0
0
0
0
0
0
0
0
0
0
0
0
0
0
0
0
0
0
0
0
0
0
0
0
0
0
0
0
0
0
0
0
0
0
0
0
0
0
0
0
0
0
0
0
0
0
0
0
0
0
0
0
0
0
0
0
0
0
0
0
0
0
0
0
0
0
0
0
0
0
0
0
0
0
0
0
0
0
0
0
0
0
0
0
0
0
0
0
0
0
0
0
0
0
0
0
0
0
0
0
0
0
0
0
0
0
0
0
0
0
0
0
0
0
0
0
0
0
0
0
0
0
0
0
0
0
0
0
0
0
0
