0
7168000
17408000
32768000
53760000
74240000
106496000
153088000
195072000
248320000
310272000
359424000
413696000
482816000
515584000
589312000
642560000
683008000
753152000
796160000
851968000
939008000
998912000
1032192000
1075712000
1103872000
1207296000
1263616000
1325056000
1371648000
1427968000
1472512000
1556480000
1609216000
1650688000
1707520000
1777152000
1831936000
1884672000
1936896000
2024960000
2112512000
2210304000
0
7168000
17408000
32768000
53760000
74240000
106496000
153088000
195072000
248320000
310272000
359424000
413696000
482816000
515584000
589312000
642560000
683008000
753152000
796160000
851968000
939008000
998912000
1032192000
1075712000
1103872000
1207296000
1263616000
1325056000
1371648000
1427968000
1472512000
1556480000
1609216000
1650688000
1707520000
1777152000
1831936000
1884672000
1936896000
2024960000
2112512000
2210304000
2295296000
2355200000
2406912000
2469376000
2548224000
2606080000
2676224000
2723840000
2788864000
2843648000
2907648000
2974720000
3010048000
3078656000
3139584000
3191808000
3253760000
3319808000
3377664000
3436032000
3496960000
3558400000
3640320000
3701760000
3751424000
3799040000
3866112000
3928064000
3999232000
4056064000
4117504000
4168704000
4228608000
4269568000
4326400000
4371968000
4422656000
4466176000
4506624000
4541440000
4588544000
4648960000
4723712000
4799488000
4872192000
4918272000
4972032000
5037568000
5080064000
5146624000
5193728000
5288448000
5355520000
5403648000
5476352000
5551104000
5655552000
5725696000
5788672000
5873664000
5925376000
5985280000
6070784000
6132736000
6206464000
6255104000
6339584000
6399488000
6476800000
6534144000
6598144000
6666240000
6754304000
6820352000
6864896000
6916096000
6964736000
7037952000
7125504000
7162880000
7214592000
7270400000
7323648000
7373824000
7426048000
7506944000
7569920000
7604224000
7659520000
7722496000
7773184000
7839232000
7923712000
7972352000
8037888000
8098304000
8183296000
8245760000
8297472000
8363008000
8442368000
8503808000
8565248000
8607232000
8678912000
8757760000
8806400000
8873472000
8945664000
9031680000
9081344000
9171968000
9235968000
9288704000
9322496000
9356288000
9425920000
9482240000
9550848000
9641472000
9669632000
9723392000
9782784000
9835008000
9901568000
9952768000
10019328000
10066944000
10122240000
10173440000
10234880000
10292736000
10357248000
10419712000
10480128000
10526720000
10599424000
10646528000
10719744000
10764800000
10841600000
10900480000
10955264000
11030016000
11089920000
11176448000
11225088000
11295232000
11360256000
11433984000
11467776000
11506688000
11565568000
11633664000
11693568000
11747840000
11826688000
11864576000
11897344000
11946496000
12023808000
12072960000
12152832000
12216320000
12317696000
12376576000
12408832000
12506624000
12558848000
12609536000
12694016000
12746752000
12818944000
12875264000
12946944000
13004288000
13064192000
13126656000
13172736000
13266944000
13335552000
13385728000
13464064000
13507072000
13564416000
13641728000
13702656000
13766656000
13824000000
13922304000
13998080000
14061568000
14116352000
14175744000
14227456000
14282240000
14336512000
14387712000
14478336000
14513152000
14558720000
14611456000
14675968000
14726144000
14800896000
14860288000
14959616000
15015936000
15062016000
15127552000
15206400000
15265280000
15318016000
15349248000
15420416000
15473664000
15570944000
15629824000
15682560000
15748608000
15803392000
15854080000
15898112000
15942144000
16004096000
16091648000
16139776000
16181760000
16269824000
16307200000
16387584000
16457728000
16518656000
16600576000
16659456000
16714240000
16781312000
16857600000
16894976000
16944128000
16991232000
17029632000
17075712000
17146880000
17206272000
17273344000
17335808000
17404416000
17451008000
17515008000
17588224000
17637888000
17686016000
17747968000
17820672000
17880576000
17952768000
18010112000
18066944000
18163712000
18243584000
18287104000
18378752000
18424320000
18526720000
18590208000
18642432000
18736640000
18805760000
18876416000
18921984000
18982400000
19052032000
19130880000
19191296000
19244032000
19314176000
19356672000
19411968000
19470848000
19513856000
19584000000
19622400000
19671040000
19729408000
19793408000
19860480000
19928576000
20005888000
20079104000
20135936000
20189696000
20265984000
20305920000
20383744000
20452352000
20503552000
20545536000
20602368000
20637184000
20701696000
20774912000
20838400000
20905984000
20962304000
21020672000
21079040000
21139456000
21199360000
21254656000
21297664000
21391872000
21463040000
21509120000
21568000000
21605888000
21650944000
21718016000
21778944000
21839872000
21899776000
21957632000
22021632000
22082048000
22173696000
22223872000
22288384000
22371840000
22444544000
22507008000
22589952000
22661120000
22697984000
22771200000
22816256000
22863360000
22915072000
22985216000
23047680000
23107072000
23160320000
23216128000
23255552000
23297536000
23351296000
23406592000
23498240000
23550464000
23621120000
23679488000
23727616000
23834624000
23899136000
23946240000
24020992000
24062464000
24132096000
24203264000
24270336000
24374784000
24438272000
24503808000
24557568000
24619520000
24678400000
24732672000
24788480000
24845312000
24905216000
24929792000
24975872000
25043968000
25139712000
25203200000
25253376000
25306112000
25401344000
25474048000
25523200000
25596416000
25657856000
25735168000
25807360000
25845248000
25914368000
25973248000
26012160000
26072064000
26123264000
26191872000
26242560000
26339840000
26430464000
26473472000
26515456000
26567680000
26646016000
26701312000
26759680000
26825216000
26902016000
26969600000
27012608000
27066368000
27120640000
27189248000
27258880000
27336704000
27408896000
27468288000
27533312000
27599360000
27636736000
27682304000
27774464000
27830272000
27889152000
27947008000
27987456000
28058112000
28110848000
28157952000
28210176000
28283904000
28350976000
28391424000
28477440000
28535808000
28603904000
28703232000
28743168000
28796928000
28866048000
28923392000
28973568000
29033984000
29094912000
29156352000
29203456000
29290496000
29364224000
29405696000
29448192000
29508096000
29568000000
29656576000
29688832000
29746688000
29805056000
29873664000
29929984000
29999616000
30065152000
30110720000
30180352000
30244864000
30291968000
30361600000
30429184000
30490112000
30538240000
30600192000
30661632000
30735360000
30782464000
30857728000
30903808000
30987264000
31065088000
31105536000
31180288000
31238144000
31296512000
31363584000
31410688000
31462400000
31518720000
31582208000
31657984000
31742464000
31821824000
31875072000
31940608000
32001024000
32058368000
32104448000
32144896000
32208896000
32275456000
32361984000
32451072000
32503808000
32547328000
32606720000
32662016000
32733184000
32780288000
32847360000
32928256000
33010176000
33065984000
33116160000
33188352000
33238016000
33300480000
33336832000
33395712000
33453056000
33518080000
33553920000
33637888000
33683456000
33735680000
33783808000
33846784000
33884160000
33960448000
34024960000
34099200000
34193920000
34259456000
34324480000
34389504000
34459648000
34502656000
34580992000
34657792000
34726912000
34789376000
34851328000
34904576000
34958848000
35026944000
35087872000
35115520000
35151360000
35225600000
35296768000
35353600000
35412992000
35501568000
35563008000
35610112000
35664896000
35732480000
35773440000
35821568000
35908608000
35965440000
36011520000
36061184000
36139008000
36215808000
36280320000
36316672000
36387328000
36462592000
36547072000
36611072000
36687360000
36745216000
36825600000
36873728000
36928000000
36973056000
37047296000
37123072000
37185536000
37269504000
37316096000
37369856000
37427712000
37489664000
37530624000
37564928000
37645312000
37715456000
37797376000
37855744000
37900800000
37955584000
38042112000
38091776000
38153216000
38214144000
38275072000
38323712000
38360576000
38435840000
38490624000
38566912000
38635008000
38697472000
38745600000
38784000000
38830592000
38891008000
38943744000
39047168000
39122944000
39171584000
39212544000
39291904000
39354880000
39426048000
39466496000
39517184000
39590400000
39675392000
39734272000
39796736000
39887872000
39959040000
40015872000
40068608000
40146432000
40190976000
40245248000
40333312000
40407552000
40445952000
40486912000
40581120000
40629760000
40694272000
40754176000
40856576000
40906240000
40972800000
41047552000
41100288000
41157632000
41202176000
41257984000
41308160000
41355264000
41411072000
41454592000
41502208000
41540608000
41593856000
41666560000
41722880000
41784320000
41859072000
41918464000
41974272000
42022400000
42086400000
42165248000
42210816000
42292224000
42362880000
42417664000
42472960000
42545664000
42606080000
42658304000
42711040000
42781696000
42850304000
42888192000
42942976000
43018752000
43074560000
43135488000
43223552000
43282432000
43363328000
43410432000
43475968000
43544064000
43617792000
43683840000
43747840000
