0
6144000
17408000
32768000
53760000
84480000
142336000
221696000
294400000
361472000
434688000
489984000
561664000
641024000
682496000
755712000
824320000
893440000
965120000
1028096000
1117696000
1199616000
1271808000
1364992000
1451008000
1536000000
1624576000
1686528000
1746944000
1819648000
1891840000
1957376000
2037248000
2140672000
2217472000
2279424000
2345984000
2426880000
2488320000
2554880000
2632192000
2718720000
2785792000
2856448000
2916352000
2997248000
3095040000
3141632000
3206144000
3290112000
3371520000
3421184000
3479552000
3582976000
3636736000
3726336000
3808256000
3892224000
3977216000
4093440000
4166144000
4239360000
4320768000
4388864000
4464640000
4578816000
4631040000
4718080000
4775424000
4843008000
4919808000
4992512000
5062144000
5147136000
5234688000
5287936000
5337600000
5436416000
5520384000
5608960000
5684224000
5721600000
5792768000
5874688000
5994496000
6091776000
6197760000
6261760000
6323712000
6396928000
6495744000
6572544000
6638080000
6709248000
6799360000
6863360000
6972416000
7052800000
7148544000
7242752000
7320064000
7380480000
7454208000
7526400000
7574528000
7638528000
7693312000
7781888000
7849984000
7933952000
7990272000
8060416000
8137728000
8205312000
8312832000
8399360000
8469504000
8557056000
8629760000
8673792000
8743936000
8807936000
8861696000
8930304000
9015808000
9086976000
9161216000
9266688000
9354240000
9442816000
9533440000
9622528000
9696768000
9756672000
9860096000
9936384000
9996800000
10080256000
10123776000
10188800000
10255360000
10333696000
10403840000
10461696000
10534400000
10622464000
10708992000
10785792000
10881536000
10962944000
11040256000
11151872000
11225600000
11277824000
11346944000
11442688000
11547648000
11614208000
11674112000
11769344000
11843072000
11901440000
11982848000
12066816000
12130304000
12220928000
12310016000
12387840000
12449280000
12536320000
12595200000
12691456000
12778496000
12846080000
12907520000
12997632000
13122048000
13193216000
13293568000
13349376000
13404160000
13463552000
13535232000
13674496000
13751808000
13821440000
13877248000
13928960000
14009856000
14073344000
14130688000
14190080000
14260224000
14330368000
14444032000
14542336000
14616576000
14703616000
14776320000
14858752000
14951936000
15044608000
15106560000
15179776000
15229952000
15297536000
15381504000
15467520000
15540224000
15621632000
15704064000
15780352000
15850496000
15932416000
16020480000
16080896000
16146944000
16226816000
16267264000
16344576000
16428544000
16507904000
16598528000
16685568000
16772608000
16837120000
16953856000
17040384000
17116160000
17191936000
17254400000
17310208000
17380352000
17486848000
17559040000
17634816000
17714176000
17785856000
17867776000
17942016000
18006528000
18076160000
18149376000
18205184000
18262528000
18341888000
18413056000
18479616000
18597376000
18701312000
18795008000
18875392000
18929664000
18995712000
19082752000
19161600000
19211264000
19270144000
19384320000
19468288000
19542016000
19626496000
19707904000
19764736000
19859968000
19933696000
19990016000
20046848000
20131328000
20194816000
20271616000
20340224000
20426240000
20503552000
20567552000
20628992000
20727296000
20774400000
20858880000
20953600000
21039616000
21133312000
21202944000
21266944000
21348864000
21442048000
21521408000
21580800000
21654528000
21744640000
21843456000
21920256000
22046720000
22123008000
22199808000
22269952000
22398464000
22442496000
22518784000
22583296000
22651392000
22718464000
22792704000
22830592000
22890496000
22909440000
22938112000
22952960000
22980096000
22986752000
23006720000
23016960000
23019008000
23026688000
0
0
0
0
0
0
0
0
0
0
0
0
0
0
0
0
0
0
0
0
0
0
0
0
0
0
0
0
0
0
0
0
0
0
0
0
0
0
0
0
0
0
0
0
0
0
0
0
0
0
0
0
0
0
0
0
0
0
0
0
0
0
0
0
0
0
0
0
0
0
0
0
0
0
0
0
0
0
0
0
0
0
0
0
0
0
0
0
0
0
0
0
0
0
0
0
0
0
0
0
0
0
0
0
0
0
0
0
0
0
0
0
0
0
0
0
0
0
0
0
0
0
0
0
0
0
0
0
0
0
0
0
0
0
0
0
0
0
0
0
0
0
0
0
0
0
0
0
0
0
0
0
0
0
0
0
0
0
0
0
0
0
0
0
0
0
0
0
0
0
0
0
0
0
0
0
0
0
0
0
0
0
0
0
0
0
0
0
0
0
0
0
0
0
0
0
0
0
0
0
0
0
0
0
0
0
0
0
0
0
0
0
0
0
0
0
0
0
0
0
0
0
0
0
0
0
0
0
0
0
0
0
0
0
0
0
0
0
0
0
0
0
0
0
0
0
0
0
0
0
0
0
0
0
0
0
0
0
0
0
0
0
0
0
0
0
0
0
0
0
0
0
0
0
0
0
0
0
0
0
0
0
0
0
0
0
0
0
0
0
0
0
0
0
0
0
0
0
0
0
0
0
0
0
0
0
0
0
0
0
0
0
0
0
0
0
0
0
0
0
0
0
0
0
0
0
0
0
0
0
0
0
0
0
0
0
0
0
0
0
0
0
0
0
0
0
0
0
0
0
0
0
0
0
0
0
0
0
0
0
0
0
0
0
0
0
0
0
0
0
0
0
0
0
0
0
0
0
0
0
0
0
0
0
0
0
0
0
0
0
0
0
0
0
0
0
0
0
0
0
0
0
0
0
0
0
0
0
0
0
0
0
0
0
0
0
0
0
0
0
0
0
0
0
0
0
0
0
0
0
0
0
0
0
0
0
0
0
0
0
0
0
0
0
0
0
0
0
0
0
0
0
0
0
0
0
0
0
0
0
0
0
0
0
0
0
0
0
0
0
0
0
0
0
0
0
0
0
0
