0
17408000
67072000
165376000
291328000
443392000
653312000
863744000
1089024000
1312256000
1545216000
1801216000
2018816000
2213888000
2440192000
2624512000
2822144000
3046912000
3249664000
3469824000
3721728000
3944448000
4200448000
4465664000
4700672000
4939776000
5159936000
5361664000
5601280000
5814272000
6040576000
6289408000
6501888000
6732800000
6956032000
7171072000
7398912000
7631872000
7876608000
8059904000
8243712000
8458752000
8698880000
8960000000
9181696000
9415680000
9632256000
9880064000
10122752000
10389504000
10595328000
10830848000
11034624000
11246080000
11459584000
11660288000
11896832000
12128256000
12377600000
12608000000
12840448000
13101056000
13336064000
13556736000
13767680000
13990400000
14219776000
14462976000
14707200000
14925824000
15154688000
15398400000
15673344000
15904256000
16121856000
16388608000
16638976000
16857088000
17072128000
17277440000
17480192000
17708032000
17937408000
18180608000
18426368000
18649088000
18895360000
19161600000
19368448000
19580928000
19773440000
19987456000
20241920000
20469760000
20683264000
20919808000
21150720000
21401088000
21647872000
21896704000
22106112000
22278144000
22469632000
22686720000
22888960000
23135744000
23409152000
23681536000
23942656000
24194560000
24458752000
24695296000
24922112000
25167360000
25397760000
25658880000
25882112000
26092544000
26335744000
26566656000
26801664000
27016704000
27227648000
27469824000
27688448000
27904512000
28111872000
28334592000
28563968000
28816896000
29066240000
29271040000
29511680000
29729280000
29953536000
30193152000
30414848000
30641664000
30897152000
31162880000
31404544000
31617536000
31812608000
32029184000
32259584000
32544256000
32781824000
32991232000
33228288000
33459200000
33699328000
33945088000
34162688000
34358784000
34572800000
34791936000
35005952000
35246080000
35458560000
35683328000
35897856000
36161024000
36395520000
36622336000
36885504000
37133312000
37355008000
37586944000
37804032000
38020608000
38249984000
38475776000
38685696000
38888448000
39128576000
39342592000
39555072000
39804416000
40048128000
40311808000
40588288000
40866816000
41096192000
41314816000
41547264000
41758208000
41967104000
42228224000
42484224000
42704896000
42953728000
43175936000
43400704000
43617280000
43862528000
44068864000
44251136000
44454400000
44660736000
44872704000
45095936000
45341696000
45560320000
45840384000
46047744000
46285312000
46517760000
46774784000
47029248000
47281152000
47516160000
47720448000
47961600000
48222720000
48413696000
48664576000
48902144000
49110016000
49329664000
49544704000
49754112000
49979904000
50210304000
50406912000
50640384000
50862592000
51096064000
51343360000
51540480000
51791360000
52055040000
52278272000
52500480000
52712448000
52965376000
53250560000
53478400000
53718016000
53927936000
54140416000
54345216000
54560256000
54789120000
55009792000
55256576000
55513600000
55763456000
56052224000
56263680000
56507392000
56712704000
56961024000
57191936000
57456640000
57665536000
57875456000
58107904000
58347008000
58583040000
58773504000
58973184000
59164160000
59433984000
59679232000
59876864000
60107264000
60372480000
60589568000
60816896000
61046784000
61292032000
61511168000
61758464000
61995520000
62195200000
62403584000
62615040000
62823936000
63052800000
63342080000
63583232000
63826944000
64076288000
64302592000
64532480000
64817152000
65058304000
65271808000
65486336000
65713152000
65936384000
66176512000
66412544000
66620928000
66814464000
67049472000
67274752000
67516416000
67739136000
67987968000
68212224000
68419072000
68594176000
68739072000
68846592000
68934656000
68999168000
69039616000
69061120000
69087232000
69092352000
69098496000
69105664000
69108736000
69112320000
0
0
0
0
0
0
0
0
0
0
0
0
0
0
0
0
0
0
0
0
0
0
0
0
0
0
0
0
0
0
0
0
0
0
0
0
0
0
0
0
0
0
0
0
0
0
0
0
0
0
0
0
0
0
0
0
0
0
0
0
0
0
0
0
0
0
0
0
0
0
0
0
0
0
0
0
0
0
0
0
0
0
0
0
0
0
0
0
0
0
0
0
0
0
0
0
0
0
0
0
0
0
0
0
0
0
0
0
0
0
0
0
0
0
0
0
0
0
0
0
0
0
0
0
0
0
0
0
0
0
0
0
0
0
0
0
0
0
0
0
0
0
0
0
0
0
0
0
0
0
0
0
0
0
0
0
0
0
0
0
0
0
0
0
0
0
0
0
0
0
0
0
0
0
0
0
0
0
0
0
0
0
0
0
0
0
0
0
0
0
0
0
0
0
0
0
0
0
0
0
0
0
0
0
0
0
0
0
0
0
0
0
0
0
0
0
0
0
0
0
0
0
0
0
0
0
0
0
0
0
0
0
0
0
0
0
0
0
0
0
0
0
0
0
0
0
0
0
0
0
0
0
0
0
0
0
0
0
0
0
0
0
0
0
0
0
0
0
0
0
0
0
0
0
0
0
0
0
0
0
0
0
0
0
0
0
0
0
0
0
0
0
0
0
0
0
0
0
0
0
0
0
0
0
0
0
0
0
0
0
0
0
0
0
0
0
0
0
0
0
0
0
0
0
0
0
0
0
0
0
0
0
0
0
0
0
0
0
0
0
0
0
0
0
0
0
0
0
0
0
0
0
0
0
0
0
0
0
0
0
0
0
0
0
0
0
0
0
0
0
0
0
0
0
0
0
0
0
0
0
0
0
0
0
0
0
0
0
0
0
0
0
0
0
0
0
0
0
0
0
0
0
0
0
0
0
0
0
0
0
0
0
0
0
0
0
0
0
0
0
0
0
0
0
0
0
0
0
0
0
0
0
0
0
0
0
0
0
0
0
0
0
0
0
0
0
0
0
0
0
0
0
0
0
0
0
0
0
0
0
0
0
0
0
0
0
0
0
0
0
0
0
0
0
0
0
0
0
0
0
0
0
0
0
0
0
0
0
0
0
0
0
0
0
0
0
0
0
0
0
0
0
0
0
0
0
0
0
0
0
0
0
0
0
0
0
0
0
0
0
0
0
0
0
0
0
0
0
0
0
0
0
0
0
0
0
0
0
0
0
0
0
0
0
0
0
0
0
0
0
0
0
0
0
0
0
0
0
0
0
0
0
0
0
0
0
0
0
0
0
0
0
0
0
0
0
0
0
0
0
0
0
0
0
0
0
0
0
0
0
0
0
0
0
0
0
0
0
0
0
0
0
0
0
0
0
0
0
0
0
0
0
0
0
