0
2048000
8704000
24576000
30208000
37376000
57344000
78848000
90624000
113664000
140288000
166912000
193536000
222720000
243712000
265728000
276992000
297472000
318464000
340480000
371200000
393728000
439296000
481280000
508416000
537088000
591360000
616448000
647168000
662016000
693248000
721408000
743424000
773120000
797184000
832000000
871936000
890368000
924160000
962560000
1008128000
1052672000
1057280000
1071616000
1121792000
1157120000
1218048000
1241600000
1251840000
1276416000
1318912000
1332224000
1373184000
1417728000
1450496000
1488384000
1500672000
1543680000
1571840000
1602048000
1618944000
1639936000
1679872000
1734144000
1755648000
1795584000
1821696000
1855488000
1880576000
1929216000
1951744000
1964032000
2004480000
2053632000
2080256000
2107392000
2129408000
2152960000
2185728000
2234368000
2263040000
2286080000
2300416000
2348544000
2367488000
2392576000
2411008000
2433536000
2485248000
2532864000
2547712000
2589696000
2635264000
2665472000
2684928000
2706944000
2737664000
2769408000
2807296000
2863616000
2890240000
2909696000
2938880000
2976256000
3008512000
3048448000
3084288000
3095040000
3111424000
3143680000
3174400000
3224576000
3256832000
3275776000
3301888000
3351040000
3389952000
3423232000
3437056000
3454976000
3494400000
3521536000
3540992000
3561472000
3607552000
3628032000
3672576000
3721216000
3747328000
3777024000
3821568000
3855872000
3865600000
3932160000
3975168000
3987968000
3997696000
4020736000
4046336000
4060672000
4076032000
4125184000
4183040000
4235776000
4264448000
4326400000
4348928000
4367360000
4376064000
4398592000
4420608000
4462592000
4482560000
4501504000
4537856000
4559872000
4584448000
4640768000
4685824000
4718592000
4743168000
4767232000
4785152000
4812288000
4843520000
4860928000
4922368000
4972544000
5006848000
5040128000
5061120000
5087232000
5097472000
5134848000
5174272000
5185536000
5206016000
5233152000
5274624000
5283840000
5309952000
5334528000
5362688000
5410304000
5454848000
5488128000
5529600000
5561344000
5592064000
5617152000
5642240000
5685760000
5703680000
5737472000
5784064000
5832704000
5859328000
5885440000
5907456000
5924864000
5952000000
5981184000
6005248000
6026752000
6074368000
6101504000
6130688000
6160384000
6198272000
6232576000
6253568000
6280192000
6313472000
6332928000
6381056000
6404096000
6424576000
6450688000
6479360000
6490624000
6515200000
6567936000
6602240000
6638592000
6674944000
6729216000
6778880000
6792704000
6837760000
6862336000
6892032000
6927360000
6976512000
6994944000
7041024000
7049728000
7105024000
7139328000
7172608000
7181312000
7235072000
7258624000
7282688000
7318528000
7354880000
7410688000
7439872000
7447552000
7468544000
7508480000
7549440000
7571456000
7627776000
7653888000
7675392000
7704576000
7738880000
7787520000
7817216000
7833088000
7875584000
7900672000
7915008000
7948288000
7996928000
8020992000
8043008000
8083968000
8108544000
8154112000
8167424000
8210944000
8223232000
8257536000
8282112000
8314368000
8374784000
8411136000
8433664000
8460288000
8482816000
8519680000
8555008000
8585216000
8625664000
8648192000
8684544000
8703488000
8716800000
8755200000
8776192000
8804352000
8826368000
8840192000
8887808000
8900608000
8928768000
8954368000
8980480000
9004032000
9042944000
9056768000
9071616000
9097728000
9108992000
9120768000
9141760000
9145344000
9173504000
9178112000
0
0
0
0
0
0
0
0
0
0
0
0
0
0
0
0
0
0
0
0
0
0
0
0
0
0
0
0
0
0
0
0
0
0
0
0
0
0
0
0
0
0
0
0
0
0
0
0
0
0
0
0
0
0
0
0
0
0
0
0
0
0
0
0
0
0
0
0
0
0
0
0
0
0
0
0
0
0
0
0
0
0
0
0
0
0
0
0
0
0
0
0
0
0
0
0
0
0
0
0
0
0
0
0
0
0
0
0
0
0
0
0
0
0
0
0
0
0
0
0
0
0
0
0
0
0
0
0
0
0
0
0
0
0
0
0
0
0
0
0
0
0
0
0
0
0
0
0
0
0
0
0
0
0
0
0
0
0
0
0
0
0
0
0
0
0
0
0
0
0
0
0
0
0
0
0
0
0
0
0
0
0
0
0
0
0
0
0
0
0
0
0
0
0
0
0
0
0
0
0
0
0
0
0
0
0
0
0
0
0
0
0
0
0
0
0
0
0
0
0
0
0
0
0
0
0
0
0
0
0
0
0
0
0
0
0
0
0
0
0
0
0
0
0
0
0
0
0
0
0
0
0
0
0
0
0
0
0
0
0
0
0
0
0
0
0
0
0
0
0
0
0
0
0
0
0
0
0
0
0
0
0
0
0
0
0
0
0
0
0
0
0
0
0
0
0
0
0
0
0
0
0
0
0
0
0
0
0
0
0
0
0
0
0
0
0
0
0
0
0
0
0
0
0
0
0
0
0
0
0
0
0
0
0
0
0
0
0
0
0
0
0
0
0
0
0
0
0
0
0
0
0
0
0
0
0
0
0
0
0
0
0
0
0
0
0
0
0
0
0
0
0
0
0
0
0
0
0
0
0
0
0
0
0
0
0
0
0
0
0
0
0
0
0
0
0
0
0
0
0
0
0
0
0
0
0
0
0
0
0
0
0
0
0
0
0
0
0
0
0
0
0
0
0
0
0
0
0
0
0
0
0
0
0
0
0
0
