0
16896000
58368000
133120000
266752000
444416000
638976000
835584000
1047552000
1232896000
1435648000
1647616000
1881088000
2076672000
2260992000
2467328000
2675200000
2829824000
3052032000
3277824000
3500032000
3692544000
3900928000
4088320000
4287488000
4518400000
4744192000
4974592000
5163520000
5363712000
5565952000
5786624000
5988352000
6221312000
6438400000
6648832000
6863360000
7079936000
7326208000
7550464000
7775232000
7966720000
8183808000
8387072000
8593408000
8782848000
9021952000
9244160000
9465856000
9696768000
9940992000
10126848000
10311680000
10514432000
10727936000
10950144000
11181568000
11363328000
11580416000
11791872000
12030976000
12259328000
12525056000
12751872000
12954624000
13161472000
13396480000
13649920000
13830144000
14068224000
14276096000
14454784000
14658560000
14832640000
15062528000
15260160000
15455232000
15695872000
15925248000
16102912000
16320512000
16531456000
16792064000
17005056000
17190400000
17369600000
17565696000
17759232000
17948672000
18166784000
18387456000
18633728000
18843136000
19074048000
19274752000
19526144000
19739136000
19952640000
20196352000
20413440000
20638208000
20850688000
21079040000
21248512000
21465600000
21685760000
21907968000
22142464000
22348800000
22586880000
22761984000
22963712000
23158784000
23395328000
23609856000
23827456000
24041472000
24262144000
24500736000
24733696000
24944128000
25184768000
25394176000
25628672000
25844224000
26044416000
26235904000
26437632000
26618880000
26841600000
27071488000
27315200000
27518464000
27743232000
27979776000
28183552000
28417024000
28616192000
28812800000
29010944000
29208576000
29411328000
29618176000
29826560000
30029824000
30221824000
30460416000
30718976000
30941184000
31162368000
31424512000
31631872000
31823872000
32023040000
32246272000
32471040000
32683008000
32886784000
33068544000
33259008000
33462272000
33662464000
33897984000
34132480000
34358784000
34578944000
34814976000
35039232000
35275264000
35489280000
35678720000
35918848000
36105728000
36329984000
36558848000
36761088000
36955648000
37163008000
37392896000
37577216000
37782016000
37998592000
38214144000
38413312000
38666752000
38912512000
39151104000
39401472000
39609344000
39854592000
40029184000
40231936000
40412160000
40617984000
40850944000
41027072000
41232896000
41444864000
41622528000
41828864000
42033664000
42272768000
42503680000
42700800000
42935808000
43184640000
43391488000
43593728000
43756544000
44001280000
44226048000
44416512000
44613120000
44840960000
45088256000
45320704000
45544960000
45762048000
45949440000
46174208000
46433792000
46633472000
46855168000
47075840000
47273984000
47480832000
47705088000
47925248000
48132608000
48361472000
48570880000
48810496000
49031680000
49257984000
49453568000
49647616000
49893376000
50104320000
50302464000
50553856000
50774528000
50999296000
51200512000
51430400000
51654144000
51840000000
52026880000
52246528000
52447232000
52643840000
52838912000
53094400000
53293056000
53477376000
53677568000
53903872000
54157824000
54354944000
54584832000
54822400000
55024128000
55204864000
55401984000
55640576000
55874048000
56075776000
56309248000
56517632000
56757248000
56997888000
57226240000
57459712000
57678848000
57908736000
58157056000
58314240000
58538496000
58753536000
58942464000
59150336000
59358720000
59549184000
59761152000
60020736000
60257792000
60448768000
60637184000
60823040000
61039104000
61278208000
61479424000
61711872000
61950464000
62148096000
62358528000
62570496000
62793216000
63014912000
63201280000
63398912000
63587328000
63782400000
63934464000
64080896000
64211456000
64298496000
64363520000
64423424000
64447488000
64476160000
64485888000
64501760000
64502784000
64503296000
64507392000
