NaN
0.004279510041648712
0.0038531513520618163
0.0036494171631697306
0.003298149497152854
0.0030015322355229643
0.003092225061625999
0.0029769498332853283
0.003069011628827861
0.0031044053186395594
0.003217413507377951
0.0032760329241946907
0.0033009023573314787
0.0033893340403584205
0.0034091609113578326
0.003461661193800854
0.003633140932447016
0.0037108683800994476
0.0038860896908477637
0.0041606869557690605
0.004289720423079306
0.004460173644607886
0.004590541944657388
0.004758960248512666
0.004797518960418099
0.004873458167328746
0.004967097190360457
0.0051465035902412345
0.005230787498885619
0.005223901725550983
0.005236904550631546
0.005427704718097801
0.005524734703028513
0.005638229250332265
0.005778784878626875
0.005924817709037558
0.005934388700994541
0.006027474426677319
0.006087762122051223
0.006245953876765329
0.006295729073645147
0.006371534478028881
0.006432132435116691
0.0065481503429497545
0.006606010666476912
0.006674734108189263
0.006700429386615152
0.006717804210592675
0.006907691514429258
0.007001056179740822
0.007048476730703963
0.007120261036580815
0.007177044580666876
0.007258853117540528
0.00738893686572036
0.00750078455641685
0.007598457997328234
0.0076475514869585835
0.007722840876042238
0.0077800106041497445
0.007846198697677683
0.007881469071884783
0.007939542929434626
0.007982567690638447
0.008083217352498919
0.008118207917234582
0.008183264333200817
0.008270859537749458
0.008366381439048443
0.00838172669007503
0.008468675748475882
0.00847455381026475
0.008537904550320488
0.008569172739800882
0.008644088556254072
0.008655529919623187
0.008655645811842916
0.008692354600365508
0.008671518129734592
0.008668235144119348
0.008708072828312435
0.008772753858198777
0.00881882786317504
0.008786784773236484
0.0088372438437549
0.008867197064494623
0.008944370859691657
0.008932783370921012
0.008992742783611687
0.009041716476509254
0.009067684218348852
0.009109841104596911
0.00919245831947205
0.009197067274661954
0.009230789142256697
0.00921471808608454
0.009258904888880155
0.009342862697892026
0.009350416947978554
0.009454485947956054
0.009495975149698613
0.009540456369937864
0.009530825674239038
0.009560220570220792
0.009625579531294027
0.009642052300557242
0.009708079521838713
0.009696100775364749
0.009700564733691503
0.009740895808133155
0.009775002791361802
0.009821501736957111
0.009848878537312838
0.009849547168805454
0.009884546143052795
0.009918763425897075
0.009969544153523077
0.010022236733766565
0.010053117561596374
0.010061848175677762
0.010072708904500833
0.010098308592364033
0.010120833395126344
0.010169266095866615
0.010176334007094761
0.010241520942519762
0.010255072480747569
0.010320786938109937
0.010350682249386935
0.010320400968046005
0.01032294184697585
0.010322834504556328
0.010326706474809523
0.010375758219667724
0.010408610714795286
0.010406906381806
0.010414353575628626
0.010405478379196295
0.010407103071458559
0.010430945136279603
0.010471549755754216
0.010466360172238322
0.010480151768385418
0.010481018246954358
0.010481214272952323
0.010449842982161473
0.010465052816027214
0.01047602818988168
0.010484316802509342
0.010487213096505655
0.010510884711387196
0.01053308014745762
0.010556279230075108
0.010543768829358119
0.010560584204421299
0.010579423841302464
0.010591477353501756
0.010601375112538362
0.010588816889826514
0.01059508881437109
0.010597169431756695
0.010631225349851245
0.010632269532355377
0.010665418914652676
0.01065963102682705
0.010683388083462534
0.010711535557315313
0.010723445323214996
0.010736317671041563
0.010731660812630325
0.010737045155307583
0.010769433992309405
0.010798634192843111
0.010828189456725451
0.010821327408773571
0.010843432219359175
0.010834936313630588
0.010838679290336696
0.010851693400601346
0.010868946187114842
0.010861621847307589
0.01088823558060077
0.010869007809932
0.010861899395667186
0.010853518889704124
0.010851082445202971
0.010871709223987136
0.010904635969994525
0.010913816536963016
0.010938980591381752
0.010978403609561512
0.010969522609726196
0.01095402998822741
0.010991284617146707
0.010975258169064835
0.011023309894517016
0.011031343062773183
0.011039436135833034
0.011097323310627124
0.011097985851223222
0.011086246557316793
0.011077450311761935
0.011058960401721236
0.01107174300640783
0.011085165735560957
0.011070348028459095
0.01107424527175223
0.011081297851063281
0.011070165553738036
0.011069454754293323
0.011085824147932875
0.011076772871769166
0.01108957532425137
0.01107542895632389
0.011109404008560987
0.011133248113735481
0.011158955042955073
0.011166695425850783
0.011182982977433644
0.011247493204102555
0.011262084407594864
0.011279556760195474
0.01128692720448932
0.011291794435242471
0.011285536492645378
0.011292506011396154
0.011303758729892126
0.011294396650162793
0.011307505332822997
0.01131409854209299
0.011326126566896537
0.011348034292195554
0.011337444432703556
0.011334181157779122
0.011333173149621713
0.011351133871417663
0.011352642430121568
0.011351128622493635
0.011345194319104086
0.011344100047237574
0.011358380521166413
0.01136077449537698
0.011341260256834672
0.011360057803925277
0.011384928752074747
0.011399819586054405
0.011390924335882714
0.011391190093770206
0.011403900904766062
0.011424874404212967
0.011423456021316294
0.011426761146033478
0.011422356076250686
0.011424292988337968
0.011428579425432673
0.011429353394737551
0.011446273191886156
0.01145316131459596
0.011457376553791367
0.011463965556011445
0.011478288491350342
0.011464249687259983
0.011472491298057387
0.011475903450742862
0.011469735545152638
0.011481850727700815
0.01148281017642336
0.01148684608304708
0.011502896576248688
0.011520026544296642
0.011517227676711789
0.011514862377809023
0.011516638137273053
0.011530149254396778
0.01151881073092322
0.011523370344887405
0.011518256815226197
0.011527121487599379
0.011539690694727885
0.011541939944710282
0.011549729956654441
0.011548424994067533
0.011550986829572618
0.011578366562596563
0.011596289128868602
0.01159766675846668
0.011606457449177049
0.011610734447409383
0.011615692635291091
0.01164162340683742
0.011625349195904472
0.011622887394858629
0.01162831764106313
0.01162331355850383
0.011625037407786998
0.011638787528078611
0.011639782066714836
0.011628295596336737
0.011632123813119528
0.011646296232915748
0.011649264442137002
0.011663961393192205
0.011669961428380959
0.011686422943330249
0.011714533844651072
0.011744505140706126
0.011797372377626103
0.011816221432921051
0.01185236527195638
0.011874274281966407
0.011907292955982031
0.011931724559400645
0.011962219377455589
0.01198573721600602
0.011995489248260693
