NaN
0.004993378541873765
0.00437542676569493
0.003579884567970165
0.0030320126688503
0.002720735953441489
0.0028732050550305515
0.003005419310045811
0.003086012596583264
0.0032314490415802388
0.003483390926365567
0.0035730080660764637
0.003641958819839248
0.0036172481294320684
0.0037343388964263427
0.003780035145110185
0.0039457590882138885
0.003938806659004971
0.003984785341360937
0.004185929774115405
0.004265709085777138
0.004421032519900349
0.004531277068775131
0.004737173799690667
0.00489083327864444
0.004927528069963955
0.0049957583591765525
0.005187647543434062
0.0052810871376627695
0.005354869208171124
0.005449566912606142
0.00551626284193486
0.005696544874927934
0.005717270547063065
0.0058983336409461655
0.005957688175587556
0.0060628183755271825
0.006139360507471526
0.0062174875280020785
0.0063878120517415265
0.006388338050669188
0.006467692069847396
0.006490885411260215
0.006560901319780386
0.006609818504376994
0.006716673413257104
0.00675069565853404
0.006757746595017772
0.006780797282665737
0.0068371518867411125
0.007018426354262971
0.00709224300206734
0.007135784920091132
0.007184228451012832
0.00729978091040314
0.0072808101724027045
0.007414072058812767
0.007602660302480454
0.007683492009755955
0.007738342358666356
0.007770185358548388
0.007840702397947557
0.007876602169011612
0.007951915205165583
0.00801544085019283
0.008012899509634849
0.008041648842808781
0.00808131060042681
0.008091080117352555
0.008063940707315968
0.008139544646941893
0.008194697703079873
0.008380346755169311
0.008412990700913437
0.008469068495421528
0.008480094249557906
0.00856084238068307
0.008631197343572435
0.008715278961673288
0.00883391121424964
0.0088732353531874
0.008920012066866333
0.008970468595485321
0.009018572626716844
0.00902089760094172
0.009050690729899218
0.009106319396240861
0.0091520944230437
0.009113783751427608
0.00916718118770497
0.009178810113676635
0.009224805677578165
0.009281256161341584
0.009284212940689547
0.009279827273956164
0.009298793457894937
0.009316205306545401
0.009326028669738633
0.00935731124287828
0.009407702949294806
0.00943213042083806
0.009446803733707706
0.009456427621136949
0.009469827599317429
0.009521105691209406
0.00954050446462007
0.009564076234171796
0.009571557184485203
0.009602428740935072
0.009626184503637952
0.009638133787411051
0.009685936657200366
0.00970467287549769
0.009754964849649076
0.009767782616067538
0.00981223350371694
0.009823973706501399
0.00984760839113771
0.009914930590449808
0.009949579852328088
0.010007158903478227
0.01003168784862659
0.010087373160549943
0.01013544866687057
0.010135419338741807
0.010107702987824103
0.010175016293519773
0.010149538471725743
0.010119743237485268
0.010153353175232194
0.010117778612932896
0.010170656629388788
0.010212753423578707
0.010193654416001709
0.01021820685846704
0.010268645734761425
0.010288519801310493
0.010318794178016776
0.010352164459604848
0.010364086470814517
0.010387080270304045
0.010430530247835504
0.01041247348822138
0.010409847679500879
0.01040002272978865
0.010424487856375975
0.010436062466916187
0.010436272971094337
0.010450164797059425
0.01044809445827136
0.010446630430600796
0.010440342395621883
0.010431826811013945
0.010437319952321873
0.01042627448229147
0.010482469677033882
0.010525190760976234
0.01053370453533445
0.01053543049590864
0.010547625180052877
0.01056754444924971
0.010583107423613541
0.010576940164197949
0.010558870891520779
0.010575697524071118
0.01061180370462582
0.010623183442313703
0.010628918544141185
0.010634514306531756
0.010626670891974846
0.010642106527230738
0.010668313750792687
0.010673552995758997
0.010668883535586593
0.010697647425738293
0.010717681402041707
0.010731395439904222
0.01075455025536799
0.01075628498069092
0.01080077334551862
0.010804548399563522
0.010797078789289325
0.010825978196348812
0.010821712814747848
0.010820040474754022
0.01085943499728494
0.010868361360414804
0.010887634723900579
0.010903785356140007
0.01091546705868108
0.010917259536538139
0.010914420547846932
0.010929478937213306
0.010929111780469285
0.01095739070284933
0.010966925693506305
0.010984541591499362
0.010997029172039315
0.011008387258621634
0.011001511063471572
0.011006731202173067
0.011035577857578693
0.011082051743144326
0.011106324701339173
0.011107133745823268
0.011120142624576205
0.011135666715257593
0.011138840283549138
0.011136345616571038
0.011150251844674856
0.011154133518816715
0.011150100914495278
0.011145314033401932
0.011140561582197828
0.011177271487180179
0.01118498696713538
0.011191801826505608
0.011205490138815144
0.011209661517662738
0.011201722961179694
0.011199976750957075
0.011199885910214572
0.011240273737102005
0.011230334076133863
0.011222791579629032
0.011236155320076406
0.011242668586062267
0.011287854083310357
0.011321976277218848
0.011322451759174927
0.011354737238786912
0.011363013003466023
0.011351262456175008
0.011370693734820785
0.01137251408356386
0.011380990085599473
0.011370072120800049
0.011363106603674785
0.01139074840103023
0.011381118539756607
0.01139540004620651
0.01138497024217064
0.011401722431657593
0.011404346134162241
0.011399318230692427
0.011417240017185255
0.011418513652086008
0.011446666468914572
0.011452172648436933
0.011452159831627454
0.011467438224895352
0.011476324799612674
0.011487011166838972
0.011482661809981903
0.011487724819934495
0.011482911220044837
0.011488180190210275
0.011501035121310087
0.011486962405020163
0.011493206634211878
0.01149491635906838
0.01150490378876812
0.011521743078892536
0.011517028683774537
0.011521565724016311
0.011516497873164697
0.01150358206661785
0.011511262838136235
0.01150609509878982
0.011503386788378306
0.011511908179267514
0.011506813023340636
0.011518512111721592
0.011535840111821596
0.011554572285561043
0.011556953475537875
0.011567612007125009
0.011576491001489995
0.011591504277258103
0.011581456409934176
0.011589958884197048
0.011588286607638101
0.011573414924160282
0.011576435566782938
0.011580610297129914
0.011594099861790582
0.011618661032892365
0.011624747142678915
0.0116262216834528
0.011637306121297252
0.011637432161521551
0.011632241746791134
0.011632586567273305
0.01162148134426075
0.011623291097829195
0.01161367330003751
0.01162071193435839
0.011628181925864692
0.011632227013637806
0.011630560696689296
0.011631350074721736
0.011651679042245521
0.011669830037569974
0.011677084870090549
0.011688613220678072
0.011738160483863554
0.011770419810370383
0.011779536584319121
0.011827087373387201
0.011846980171887648
0.011873075819994916
0.011914495314212016
0.01193689405030278
0.011955102560107898
0.011988570342152272
