0
151559
419973
768721
1184301
1700993
2461462
3296940
4432599
5560922
6546564
7542966
8907618
9951528
11288965
12299796
13577958
14704610
15972246
17882320
19660998
21080845
22451174
23990624
26554583
28397369
29755876
31279069
33536248
35484836
37330969
39304944
41833780
44909733
46519410
48791836
51199134
53211601
55007921
57078501
60035650
62334741
64497946
67637815
69811223
72640321
74547036
76755582
78530120
81493237
85413591
89083815
91251754
94720271
97548703
101058958
103200722
106149633
109376340
111606846
115133820
118783856
121444451
124400818
128079933
130701728
133802587
137315297
139457998
142545031
145800619
149806522
153502945
155810621
158252203
161211457
163685241
166365451
169021146
172024533
175316211
178449275
181801655
184427653
188520077
190820677
194174870
197620126
200385080
203597295
206658449
210733102
214288158
216063604
220073609
223196434
226804455
229624836
234139903
237494865
241421589
244232440
246158247
248301491
251722828
255918149
260596483
262890067
265715745
268540024
271828025
276525008
279677695
282108772
284118790
288366032
293238317
296690861
299523550
302050935
304270191
307058785
309721340
313795903
316786488
320910898
324862140
328075303
332011579
334991064
336968434
341458124
345319369
349003085
354073533
358451279
359990441
362491847
366777660
368895871
372205464
375675227
380302329
383849861
386177735
390102566
394044993
397651953
400505170
404401988
406785854
409776625
413801969
417495925
422875082
427397598
430154101
433726794
437972181
441584163
445245885
449377408
452723512
456939753
459712881
463713450
465611087
468203045
471834992
475609273
478369777
480907746
484502003
487793316
490538588
493703416
496687524
500115721
502994504
505685514
509170758
511779597
514357123
518095116
521209597
524592679
527376978
529796213
531961236
534327918
536015319
539011850
544298365
546917287
550085942
552867992
555863816
559092162
563741635
565826992
568223540
571165440
573976064
576812655
581148954
584844266
587780014
592550349
595353422
599032766
602685736
605738085
610258704
613670734
617788633
621610752
625704989
628727499
633802525
640145945
643591548
647571429
651471932
654747486
658238290
662957181
666014166
669568453
671619839
676349515
679562421
683827783
688157725
690487117
693936857
696285431
699409934
703423051
706968281
711094360
715647220
719608868
722578512
724616603
726947637
729228179
731622469
735382756
738671712
741809794
746087413
749447412
752555779
754640112
757431695
760014687
763611719
766398107
769420317
772480146
775635454
778457001
781832274
784976569
788851911
792466579
797571141
802135730
804900169
808169894
813130282
815916672
819409024
823162886
827088802
831908705
835781068
839447653
843610433
846847596
849395488
852101250
854783911
857946704
860947909
864258957
867363324
870999623
874196294
876667392
879594184
883552103
887717140
890844518
893558999
897848983
901318712
903738821
906315499
910060704
914155365
917758622
920979039
924337675
927915751
930681381
933594928
936094273
938707426
941192530
943361829
944705918
947444502
950127263
952365235
0
0
0
0
0
0
0
0
0
0
0
0
0
0
0
0
0
0
0
0
0
0
0
0
0
0
0
0
0
0
0
0
0
0
0
0
0
0
0
0
0
0
0
0
0
0
0
0
0
0
0
0
0
0
0
0
0
0
0
0
0
0
0
0
0
0
0
0
0
0
0
0
0
0
0
0
0
0
0
0
0
0
0
0
0
0
0
0
0
0
0
0
0
0
0
0
0
0
0
0
0
0
0
0
0
0
0
0
0
0
0
0
0
0
0
0
0
0
0
0
0
0
0
0
0
0
0
0
0
0
0
0
0
0
0
0
0
0
0
0
0
0
0
0
0
0
0
0
0
0
0
0
0
0
0
0
0
0
0
0
0
0
0
0
0
0
0
0
0
0
0
0
0
0
0
0
0
0
0
0
0
0
0
0
0
0
0
0
0
0
0
0
0
0
0
0
0
0
0
0
0
0
0
0
0
0
0
0
0
0
0
0
0
0
0
0
0
0
0
0
0
0
0
0
0
0
0
0
0
0
0
0
0
0
0
0
0
0
0
0
0
0
0
0
0
0
0
0
0
0
0
0
0
0
0
0
0
0
0
0
0
0
0
0
0
0
0
0
0
0
0
0
0
0
0
0
0
0
0
0
0
0
0
0
0
0
0
0
0
0
0
0
0
0
0
0
0
0
0
0
0
0
0
0
0
0
0
0
0
0
0
0
0
0
0
0
0
0
0
0
0
0
0
0
0
0
0
0
0
0
0
0
0
0
0
0
0
0
0
0
0
0
0
0
0
0
0
0
0
0
0
0
0
0
0
0
0
0
0
0
0
0
0
0
0
0
0
0
0
0
0
0
0
0
0
0
0
0
0
0
0
0
0
0
0
0
0
0
0
0
0
0
0
0
0
0
0
0
0
0
0
0
0
0
0
0
0
0
0
0
0
0
0
0
0
0
0
0
0
0
0
0
0
0
0
0
0
0
0
0
0
0
0
0
0
0
0
0
0
0
0
0
0
0
0
0
0
0
0
0
0
0
0
0
0
0
0
0
0
0
0
0
0
0
0
0
0
0
0
0
0
0
0
0
0
0
0
0
0
0
0
0
0
0
0
0
0
0
0
0
0
0
0
0
0
0
0
0
0
0
0
0
0
0
0
0
