NaN
0.004829248333498441
0.004390636040513247
0.0038745877339830836
0.003211225687150402
0.003075241620839216
0.003046976793953138
0.003155857576398557
0.003459290853378269
0.0035588695408039434
0.00363681318342018
0.003670487756533397
0.0038191377756262015
0.003844688351764229
0.003960583195350576
0.003982584102701582
0.004103577471160403
0.004172760427672153
0.0042361438839710625
0.0044345775275761706
0.00457779611707005
0.004620956625962
0.004679399356128392
0.004743608758699153
0.004976978668173079
0.005057565801871833
0.005104641927848445
0.005138918170545638
0.005267640984638417
0.005379544550860209
0.005467346257321189
0.005570219416636463
0.0056820770984035065
0.005879876794175222
0.005872482887879722
0.00595704120141327
0.006049505071138578
0.006103079574961446
0.006144038581393778
0.006207732407274295
0.006343621390273764
0.00638834892495049
0.006435059635196649
0.006562238223731239
0.006603115576289359
0.006716681452789006
0.006761825411394686
0.006782203876059954
0.006780873147376845
0.006842877872892266
0.007012385799474876
0.007136664663894395
0.0071581839382474565
0.007282051778882415
0.007355737237110263
0.007473322921195679
0.00748791469073136
0.007559288868533938
0.007660231338295306
0.007687612715212732
0.007787766192800773
0.0078959812460263
0.007921274354059208
0.00797461546942002
0.008073418064403256
0.008118387139961832
0.008175262901795766
0.008261477288813036
0.00827990530971006
0.008326998386700304
0.008388134843805562
0.008488622712828728
0.008555791943773894
0.008535943114126074
0.008551741573152524
0.00861517128960148
0.008624466351695283
0.008645746877219508
0.008663842508335035
0.008693253196664695
0.00873341124881167
0.00875173435821684
0.008816622141436855
0.008837084509268843
0.00891960906622112
0.008935705616247179
0.008989417973219472
0.009024691198976592
0.00903093669898945
0.00906706184879301
0.009108890491681393
0.009146079223293897
0.00918667797831605
0.009172101842173217
0.009232399539988811
0.009261534736393663
0.00930860008972637
0.009335195679498533
0.009422876693233726
0.009452032773274997
0.009510892816032882
0.009515586026660914
0.009502894421487298
0.009495882063974094
0.009538443342204338
0.009605505128119484
0.00967840657869162
0.009668450684669634
0.009676796928503132
0.009672607575705506
0.009687345011610657
0.009766139520185487
0.009786671959832008
0.009790571040886152
0.00978402065020639
0.009838981042074672
0.009913862558174821
0.009949342717289712
0.009957563651949768
0.009946449235529219
0.009941698270547975
0.009957444683149123
0.009968118591739933
0.010005776002716207
0.010005277728654022
0.010052627398639987
0.010092919070924156
0.010098886965308935
0.010134174947193868
0.010142879541943083
0.010112318762805245
0.010170051691015345
0.010216111908766944
0.010248838848501408
0.010323249976922058
0.010365696122710516
0.010336742589995264
0.010335347471683595
0.010374043928299534
0.010352528513003195
0.010358861351109356
0.010382524234184917
0.010431868072208477
0.010455183254717294
0.010435990042203538
0.010463202199447429
0.010503215658067208
0.010526945446064619
0.010525784072374008
0.010552146109834404
0.010542705832865013
0.0105439870013374
0.010569742402648411
0.01059299870280741
0.010664161751289647
0.010708411288903116
0.010715018591813199
0.010727400071855646
0.010754192241911504
0.010771913366418267
0.010787919256351163
0.010823430209607698
0.01083766196373067
0.010869155029539963
0.01085941389231071
0.010875545760457921
0.010858286436113043
0.010862563973721503
0.010880254843966788
0.010903645633089177
0.010899967645072554
0.010888950362986186
0.010913271563809267
0.01093150476972753
0.010934141380562602
0.010936018871637391
0.01094183111346075
0.010950938187484497
0.01095677807597883
0.010953671667220924
0.010960147022765236
0.0109453619759433
0.010937605089018978
0.010949936901050025
0.010957886234428518
0.010969546464847569
0.010967596538066305
0.010958083616979603
0.010935438354820944
0.010927889898438863
0.010906292849257234
0.010903782117922829
0.010949785636697214
0.010942721671585245
0.010948338694627002
0.010950988943785153
0.010954464967465575
0.010966378432949172
0.01100177102385505
0.010986801536935055
0.010980317891397643
0.010980268696604213
0.010987420205736061
0.010985351632949563
0.011013331081958172
0.011035154705474027
0.011034822447565398
0.011067431429452332
0.011059347055011434
0.011073855238897262
0.011085342287428895
0.011087402520139216
0.01111423243237025
0.011124954734561784
0.011145703144892008
0.011150750547969115
0.011173397353447516
0.011181071886962922
0.01122065868915741
0.011270400110098536
0.01127266232628283
0.011288638454246897
0.01129888670504657
0.011307460196241176
0.011315038074704388
0.011333689965000265
0.011330416115808935
0.011332845512804637
0.011324776996895611
0.011353340279906745
0.011351732646848288
0.011370437277266788
0.011395725047845683
0.011391652052614819
0.011398332197201032
0.011386197335753101
0.011393781357125552
0.011413098800236606
0.01142923144957976
0.011449020827696431
0.011477016128987896
0.01149423426569558
0.011488041065994145
0.011468540265278864
0.01145497845833307
0.011445808716082903
0.011443415247689282
0.011452215612531855
0.011456716664649364
0.011459511866473076
0.01148070261144567
0.01148818571046964
0.011490465735656135
0.011480818994900699
0.011475426925891255
0.01146333766797028
0.011470288147107507
0.011465808598575192
0.011465013519620789
0.011463557154510829
0.011463247373829396
0.011459724688917391
0.011463825701365851
0.011457277273816511
0.011468454550381153
0.011472240052143248
0.011505291484221938
0.011528740528237989
0.01152163749979807
0.011529033879504606
0.011552570403655095
0.01154919096503606
0.011555760772023804
0.01156300267519125
0.011570660814979648
0.01159759998163826
0.011608203711043211
0.011615091481300249
0.011633531891972004
0.011645175558681935
0.011637689032044627
0.011628404329014812
0.011627541348941672
0.011635299392666757
0.011638192555030022
0.011641980703576303
0.01164668240113715
0.011655116464423042
0.011654753986237444
0.011653507418581167
0.011650805587224113
0.011660549365161947
0.011678811062955161
0.011673710361268581
0.011669952374087796
0.011677304401919086
0.011685642232186244
0.011673413732528863
0.011666649565549171
0.011677508434564172
0.011693022135875164
0.01169972514633629
0.011703327127593786
0.011719885968230209
0.011747104340784928
0.011765536973220225
0.011793996033213515
0.011820227268627869
0.011849309094960086
0.011877158761484489
0.011902746701287511
0.011918348545047159
0.011951173084877387
0.011984298582990115
0.012012187848480923
NaN
NaN
NaN
NaN
NaN
NaN
NaN
NaN
NaN
NaN
NaN
NaN
NaN
NaN
NaN
NaN
NaN
NaN
NaN
NaN
NaN
NaN
NaN
NaN
NaN
NaN
NaN
NaN
NaN
NaN
NaN
NaN
NaN
NaN
NaN
NaN
NaN
NaN
NaN
NaN
NaN
NaN
NaN
NaN
NaN
NaN
NaN
NaN
NaN
NaN
NaN
NaN
NaN
NaN
NaN
NaN
NaN
NaN
NaN
NaN
NaN
NaN
NaN
NaN
NaN
NaN
NaN
NaN
NaN
NaN
NaN
NaN
NaN
NaN
NaN
NaN
NaN
NaN
NaN
NaN
NaN
NaN
NaN
NaN
NaN
NaN
NaN
NaN
NaN
NaN
NaN
NaN
NaN
NaN
NaN
NaN
NaN
NaN
NaN
NaN
NaN
NaN
NaN
NaN
NaN
NaN
NaN
NaN
NaN
NaN
NaN
NaN
NaN
NaN
NaN
NaN
NaN
NaN
NaN
NaN
NaN
NaN
NaN
NaN
NaN
NaN
NaN
NaN
NaN
NaN
NaN
NaN
NaN
NaN
NaN
NaN
NaN
NaN
NaN
NaN
NaN
NaN
NaN
NaN
NaN
NaN
NaN
NaN
NaN
NaN
NaN
NaN
NaN
NaN
NaN
NaN
NaN
NaN
NaN
NaN
NaN
NaN
NaN
NaN
NaN
NaN
NaN
NaN
NaN
NaN
NaN
NaN
NaN
NaN
NaN
NaN
NaN
NaN
NaN
NaN
NaN
NaN
NaN
NaN
NaN
NaN
NaN
NaN
NaN
NaN
NaN
NaN
NaN
NaN
NaN
NaN
NaN
NaN
NaN
NaN
NaN
NaN
NaN
NaN
NaN
NaN
NaN
NaN
NaN
NaN
NaN
NaN
NaN
NaN
NaN
NaN
NaN
NaN
NaN
NaN
NaN
NaN
NaN
NaN
NaN
NaN
NaN
NaN
NaN
NaN
NaN
NaN
NaN
NaN
NaN
NaN
NaN
NaN
NaN
NaN
NaN
NaN
NaN
NaN
NaN
NaN
NaN
NaN
NaN
NaN
NaN
NaN
NaN
NaN
NaN
NaN
NaN
NaN
NaN
NaN
NaN
NaN
NaN
NaN
NaN
NaN
NaN
NaN
NaN
NaN
NaN
NaN
NaN
NaN
NaN
NaN
NaN
NaN
NaN
NaN
NaN
NaN
NaN
NaN
NaN
NaN
NaN
NaN
NaN
NaN
NaN
NaN
NaN
NaN
NaN
NaN
NaN
NaN
NaN
NaN
NaN
NaN
NaN
NaN
NaN
NaN
NaN
NaN
NaN
NaN
NaN
NaN
NaN
NaN
NaN
NaN
NaN
NaN
NaN
NaN
NaN
NaN
NaN
NaN
NaN
NaN
NaN
NaN
NaN
NaN
NaN
NaN
NaN
NaN
NaN
NaN
NaN
NaN
NaN
NaN
NaN
NaN
NaN
NaN
NaN
NaN
NaN
NaN
NaN
NaN
NaN
NaN
NaN
NaN
NaN
NaN
NaN
NaN
NaN
NaN
NaN
NaN
NaN
NaN
NaN
NaN
NaN
NaN
NaN
NaN
NaN
NaN
NaN
NaN
NaN
NaN
NaN
NaN
NaN
NaN
NaN
NaN
NaN
NaN
NaN
NaN
NaN
NaN
NaN
NaN
NaN
NaN
NaN
NaN
NaN
NaN
NaN
NaN
NaN
NaN
NaN
NaN
NaN
NaN
NaN
NaN
NaN
NaN
NaN
NaN
NaN
NaN
NaN
NaN
NaN
NaN
NaN
NaN
NaN
NaN
NaN
NaN
NaN
NaN
NaN
NaN
NaN
NaN
NaN
NaN
NaN
NaN
NaN
NaN
NaN
NaN
NaN
NaN
NaN
NaN
NaN
NaN
NaN
NaN
NaN
NaN
NaN
NaN
NaN
NaN
NaN
NaN
NaN
NaN
NaN
NaN
NaN
NaN
NaN
NaN
NaN
NaN
NaN
NaN
NaN
NaN
NaN
NaN
NaN
NaN
NaN
NaN
NaN
NaN
NaN
NaN
NaN
NaN
NaN
NaN
NaN
NaN
NaN
NaN
NaN
NaN
NaN
NaN
NaN
NaN
NaN
NaN
NaN
NaN
NaN
NaN
NaN
NaN
NaN
NaN
NaN
NaN
NaN
NaN
NaN
NaN
