0
61
186
386
718
1077
1573
2034
2494
3041
3503
3999
4538
5036
5545
6008
6436
6854
7333
7841
8350
8869
9327
9831
10369
10911
11327
11827
12369
12814
13263
13705
14298
14830
15381
15902
16430
16925
17379
17847
18367
18936
19450
19999
20513
20981
21387
21954
22466
23101
23623
24206
24720
25220
25711
26214
26717
27219
27674
28137
28650
29150
29707
30225
30735
31189
31705
32195
32624
33156
33664
34176
34742
35347
35834
36233
36749
37258
37773
38313
38865
39476
39919
40401
40912
41336
41809
42383
42946
43459
43908
44590
45140
45587
46127
46633
47145
47594
48074
48611
49106
49653
50112
50586
51052
51537
52080
52593
53112
53700
54274
54762
55269
55727
56162
56680
57198
57663
58165
58722
59182
59629
60081
60640
61221
61723
62231
62809
63339
63852
64425
64909
65344
65828
66298
66840
67317
67794
68337
68876
69451
69937
70460
70957
71520
72057
72505
73002
73534
74062
74566
75105
75656
76162
76623
77119
77568
78121
78687
79204
79741
80214
80704
81217
81784
82372
82842
83270
83778
84265
84783
85320
85764
86201
86665
87209
87689
88220
88680
89180
89741
90324
90844
91400
91882
92379
92886
93394
93972
94456
94944
95497
96024
96549
97058
97525
98022
98483
98979
99482
99963
100481
100909
101427
101927
102370
102887
103413
103979
104483
105010
105522
106050
106539
107052
107665
108152
108599
109085
109685
110253
110776
111341
111815
112335
112952
113506
114087
114519
115032
115595
116127
116600
117037
117552
118077
118527
119003
119432
119919
120389
120872
121437
121989
122528
123012
123442
123980
124485
124983
125469
125951
126448
126906
127436
128007
128534
129054
129572
130104
130639
131155
131676
132282
132804
133368
133837
134326
134873
135333
135883
136389
136894
137434
137997
138475
138991
139517
139984
140379
140893
141456
141912
142341
142803
143305
143761
144258
144792
145217
145736
146268
146725
147307
147804
148419
148885
149443
149957
150435
150909
151416
151900
152236
152467
152679
152783
152848
152894
152935
152954
152969
152986
152990
152990
0
0
0
0
0
0
0
0
0
0
0
0
0
0
0
0
0
0
0
0
0
0
0
0
0
0
0
0
0
0
0
0
0
0
0
0
0
0
0
0
0
0
0
0
0
0
0
0
0
0
0
0
0
0
0
0
0
0
0
0
0
0
0
0
0
0
0
0
0
0
0
0
0
0
0
0
0
0
0
0
0
0
0
0
0
0
0
0
0
0
0
0
0
0
0
0
0
0
0
0
0
0
0
0
0
0
0
0
0
0
0
0
0
0
0
0
0
0
0
0
0
0
0
0
0
0
0
0
0
0
0
0
0
0
0
0
0
0
0
0
0
0
0
0
0
0
0
0
0
0
0
0
0
0
0
0
0
0
0
0
0
0
0
0
0
0
0
0
0
0
0
0
0
0
0
0
0
0
0
0
0
0
0
0
0
0
0
0
0
0
0
0
0
0
0
0
0
0
0
0
0
0
0
0
0
0
0
0
0
0
0
0
0
0
0
0
0
0
0
0
0
0
0
0
0
0
0
0
0
0
0
0
0
0
0
0
0
0
0
0
0
0
0
0
0
0
0
0
0
0
0
0
0
0
0
0
0
0
0
0
0
0
0
0
0
0
0
0
0
0
0
0
0
0
0
0
0
0
0
0
0
0
0
0
0
0
0
0
0
0
0
0
0
0
0
0
0
0
0
0
0
0
0
0
0
0
0
0
0
0
0
0
0
0
0
0
0
0
0
0
0
0
0
0
0
0
0
0
0
0
0
0
0
0
0
0
0
0
0
0
0
0
0
0
0
0
0
0
0
0
0
0
0
0
0
0
0
0
0
0
0
0
0
0
0
0
0
0
0
0
0
0
0
0
0
0
0
0
0
0
0
0
0
0
0
0
0
0
0
0
0
0
0
0
0
0
0
0
0
0
0
0
0
0
0
0
0
0
0
0
0
0
0
0
0
0
0
0
0
0
0
0
0
0
0
0
0
0
0
0
0
0
0
0
0
0
0
0
0
0
0
0
0
0
0
0
0
0
0
0
0
0
0
0
0
0
0
0
0
0
0
0
0
0
0
0
0
0
0
0
0
0
0
0
0
0
0
0
0
0
0
0
0
0
0
0
0
0
0
0
0
0
0
0
0
0
0
0
0
0
0
0
0
0
0
0
