NaN
0.004888264278576199
0.004873933483448792
0.004198774878634464
0.004062068830407897
0.003414639061660339
0.003430562084840399
0.0034019406768945456
0.003678585707242876
0.0037061845582001176
0.0038473514443349973
0.00373191969181473
0.003926392542118956
0.0039492453782544665
0.004129286014230613
0.004232549177760062
0.0042228030212228635
0.004343652063316229
0.004411451836250003
0.004473864204263928
0.004484400483634083
0.004663607272013222
0.004749028977919109
0.004905584285010667
0.005116424170434362
0.0053493686280025425
0.005484392882048235
0.005573062680090115
0.005765658166685203
0.005761810536230873
0.005862168284627895
0.006006525725858418
0.00594680388341059
0.0060625670200555835
0.006142365903468984
0.0061663138057539025
0.006177180044047164
0.00629341565571853
0.0062935357734775306
0.006382038696905997
0.00645535573929654
0.006487272791998699
0.006503231363494185
0.006652599394921281
0.006731303423004669
0.0068322601400945945
0.006833842913713903
0.006910470615640015
0.007030927696729052
0.007133648206118524
0.00718680910146113
0.007195279734616239
0.007316950377077806
0.007321168891791792
0.007333551566820258
0.007407782627059461
0.007499239493770214
0.007556981208001556
0.0075656933854557655
0.007575367917890316
0.007636619178080801
0.0077843357144291555
0.00787967073312526
0.007953775675128918
0.007922228931704793
0.00790620378672299
0.007973210206358433
0.008066352565123714
0.008155749772728642
0.00823401836141711
0.008335778122943035
0.00836097586656848
0.008458873066210347
0.008554151363163603
0.00859326291515211
0.008578227340431932
0.008595628133628535
0.008699611921002109
0.008706221569954337
0.008726417929647056
0.008781757280560822
0.008810252644858147
0.008968800009412312
0.009043762294156807
0.009061146482822035
0.009107924745991852
0.009141240988289917
0.009171582119672082
0.009184181998342032
0.009313259345226683
0.009308284148753487
0.009299936894891782
0.009313764624673301
0.009338001888441277
0.009393441844185672
0.009445416516702318
0.009490763585568378
0.00952599154906268
0.009553114998403197
0.009594298499913681
0.009673735907798311
0.009664105612924466
0.009660755604160975
0.00972704590286979
0.009726403404059562
0.009713880753997099
0.00974751532254254
0.00983482843331239
0.009863630219587029
0.009860316654809622
0.009872571522939503
0.0099258536285549
0.009902059473772202
0.009911362147745875
0.009905651473537967
0.00995808544702762
0.009995336225845308
0.010053634576511365
0.01007347381264903
0.010110211279744255
0.0101949863618851
0.010206430047366462
0.01021893994345872
0.010230457205196596
0.010278835548140615
0.01029437121471279
0.010296731930800192
0.010327450648380311
0.01030727161270633
0.01035266903107313
0.010381541716149368
0.01042344408046371
0.010406186334136912
0.01039719941278183
0.010429074909284887
0.01042593839957795
0.01040912487834738
0.010405329063759187
0.010395130290587204
0.010399354405552999
0.010439452033898804
0.010497425571141245
0.010516171166131329
0.010536285967401643
0.010571496819153826
0.010568478095374489
0.010535137674329296
0.01058744661951153
0.010628657488707801
0.010634541717073662
0.010632945089172362
0.010633971613084853
0.01064771550983287
0.010627955275907642
0.010664423366707351
0.01071209148817542
0.010714431675425828
0.010730334836990693
0.01075285417922483
0.010771767102606132
0.010754377573526992
0.010736620571805884
0.010760474799891647
0.010743837254958718
0.010753976317042807
0.01077752706819676
0.010774834315445916
0.010799344200321139
0.010864043757356908
0.010887094387998182
0.01090334500956486
0.010945781335196513
0.010927930041186027
0.010923708453114632
0.010912384603408704
0.01095799135038315
0.011018013014513446
0.011058206801294677
0.01103920441368458
0.01102150610250704
0.011018954591369081
0.011000576201176553
0.011003418804779355
0.011000383783230207
0.01100297027752477
0.01101122414088921
0.011036714166526506
0.011055396342521406
0.011066738792850042
0.011076990995758975
0.01108610997193584
0.011135863236220993
0.01113245238952588
0.011201091973968364
0.011206720545763299
0.011208412808879435
0.011206002471566395
0.011220904128855342
0.011208783616275779
0.011219535353834062
0.011228439489828084
0.011221804466414924
0.011215825745883496
0.011202417699176332
0.011217322719812094
0.011175222978630413
0.011187383996929597
0.011171630428917443
0.011163104599772749
0.011143989190440956
0.011190573201561634
0.011176877772018378
0.011156149441851856
0.011167154258960525
0.0111663993557622
0.011182200674716068
0.011202606130281468
0.01121235720710376
0.011245002960352073
0.011238459121323683
0.011252429175002894
0.011221474076986085
0.011253495376082742
0.011288166117993121
0.01130161803831388
0.011306935617401185
0.011298628385893482
0.011281553454610854
0.011302472713564885
0.01131538197688222
0.01132731508524711
0.011353771617790265
0.011335162013368453
0.01135855804614131
0.011377417788693132
0.011385062213061367
0.01139749221747464
0.011409764948733093
0.011417498238332022
0.011409877299313252
0.011421710473362188
0.011444718632395276
0.011429676402669727
0.011455415307353285
0.011477032468070423
0.011505791652521389
0.011504800178441908
0.011508210486321424
0.011525049828177227
0.011520676706106557
0.011511231378809486
0.011552264012088169
0.011543965051657298
0.011539240787691514
0.01159567813942935
0.011591207933523712
0.011610039652369845
0.011625648254706068
0.011632523145593305
0.01165106149956199
0.011648994188302954
0.0116506308775747
0.011651320478541477
0.011650892982856252
0.01163953874541612
0.011631898159874024
0.011615588852154001
0.011638302156899406
0.011653717219948404
0.011646613855643981
0.011649047407742327
0.011644628337616592
0.011639464353466149
0.01163721018978848
0.011633886491240057
0.011636369630971628
0.011627815647254215
0.011594594517803248
0.011605156782523223
0.011608296411939443
0.011608697118607365
0.011627954707076902
0.011646495715460668
0.011640819598739825
0.011650854663515946
0.01165631186522024
0.011661396380099028
0.011689213024681169
0.01167787521552509
0.011680785740998614
0.011686096217477468
0.011682721285684847
0.011680625926161585
0.011700860963712742
0.01170693019463497
0.011707816929452637
0.011709048577681977
0.011695963612365206
0.011695512619537851
0.011719629765730885
0.011724205039004834
0.011734248171893526
0.011735666430563079
0.011759726383170624
0.011780664327909763
0.011792552329674922
0.011802905412716995
0.011834491193255012
0.011865342903619451
0.011887150183142414
0.01193140714511599
0.011963264038185198
0.011982791836619346
0.012017906470041738
0.01204175113920361
