0
148038
390699
806476
1370522
2056702
2766545
3424836
4195113
5305922
6480772
7840220
9095503
10623705
12189863
14086838
15827766
17671507
19761707
21473897
23082176
25111749
27084937
29598886
31376688
34285347
36293838
38851262
41263437
42966360
44520591
47404460
51240370
53819999
56041712
58990735
61646049
64829760
67305137
70438325
73609482
77254630
80185136
84018763
86744048
88002848
91540567
94558369
97269503
100333894
103770723
107099772
110970320
115439622
117491366
120949661
124924033
128078426
132201399
136279905
140617663
143192893
147200222
150661729
154308181
159722968
164602011
167366422
170907452
174248837
177864120
182134325
186158310
190222681
195837465
198282611
202145279
204901493
207934911
212938975
216779111
221977396
226257778
230961688
234649525
239209679
242387796
247162471
250117699
253536294
256136006
261316708
264591859
268376183
273353862
277718427
282948942
286432655
289438863
292466735
297486996
301931309
305454668
309756074
314151042
318935057
323374449
325645916
329053317
334425982
338637795
342859032
347802083
352614132
356554299
360735683
365222999
367407377
370959392
375108828
379053919
383543696
387750407
391896466
396686826
400451264
403931767
407741920
411687402
415903042
419178102
422700307
426921073
430021844
434922954
439530582
444824741
448883808
453346170
457182799
460732143
466217796
471219483
475537721
479127825
483260385
487056987
491819620
496387515
500916040
505446615
508314670
512718967
518171341
523306438
526583314
530343365
533616116
537084617
541211191
546861806
551476677
555576574
561264981
563737066
568479756
572641491
576897011
580551047
584663001
588148434
593415741
598157666
600812457
605182535
609672168
613100930
617162656
620440209
624833966
629247678
633530667
639391617
644293084
647993374
653667667
656811901
660919379
664020379
667719875
671721433
675909152
680009762
683373680
687705952
693285265
697368499
701184392
704346985
709657735
714898298
717569729
721969139
726396434
730097948
733381402
737340962
741653836
745077741
748213939
752692277
756570080
760775181
764915038
768048007
772159511
775691903
779807853
784182686
790226635
794602885
797373992
800700066
806201810
810172188
814567156
819421851
822339050
826541833
830485449
834486976
838578636
842635816
846543445
852012447
855829905
859074457
862830139
867359158
871528570
876868819
880306732
885673085
890310032
892797660
896745532
901828109
905192895
909218389
913488963
918912168
923005896
926710668
931338289
936112487
940137131
944937409
949758231
953150134
959702320
962325171
966425183
969650982
972438960
977785039
982307667
987749706
992415888
995814216
998817856
1004834476
1009965672
1013444020
1018344304
1023533468
1028013971
1030958983
1033849327
1038884564
1042838143
1046844388
1050029770
1055107028
1058522550
1062469742
1066082353
1070531543
1075012000
1081158129
1084467308
1088493443
1093226317
1097570324
1101070301
1103961111
1108504360
1112925360
1117540992
1123813698
1127384253
1132118432
1135626208
1140830994
1144127445
1147347600
1151502271
1153923726
1155862026
1159291484
1161761275
1164489522
1167408617
1169340177
1172334551
1173962150
