NaN
0.0060984622535108935
0.00502596774770641
0.005723522442890699
0.0046662195564129115
0.0054460003329023015
0.004763697589577038
0.004331633479520527
0.004106345954929441
0.004062256472626748
0.0041074213582944835
0.004353355698780347
0.004452652028655013
0.004517321001919206
0.00459054189766628
0.004587780584973758
0.004842452177043192
0.0052816725386619365
0.00557758518070193
0.005611387547145859
0.005712210008881716
0.005761839522205272
0.005880911566894437
0.006059560271197855
0.006207678460646558
0.0062718091353961055
0.006109664100702735
0.0062433527980998915
0.00637591526654534
0.006735403921081529
0.006679085079460324
0.006685407391040454
0.006763000300910328
0.006749757119955495
0.006651621508680178
0.00673750244078675
0.006953849877315311
0.007092818997250012
0.007338900415950405
0.007390548915676967
0.0073468782313274375
0.00748272773934933
0.0075278069130455235
0.007848827244839415
0.007770491706477966
0.007796002562639621
0.008035440533089137
0.008174787571621876
0.008480814668942868
0.008628376775826606
0.008889915858274615
0.008986366733134256
0.008992886117524279
0.009019236148686655
0.00917764659791483
0.009209390760351174
0.00926648421417645
0.009274422641534946
0.009538853310032935
0.009901537827555311
0.009909060816719353
0.010142803812439182
0.010297226283974312
0.010317299234270057
0.010455395532097712
0.010435168987738441
0.010441610408257775
0.01064120339008857
0.010740502007208781
0.010864412968970737
0.011054897046687715
0.011086569267516212
0.011236779549379624
0.01130391191429149
0.01123209448311408
0.01133883677498338
0.011394138653392363
0.011656310823391717
0.01170918081809036
0.011683356838309176
0.011649375124484865
0.011889716911463477
0.012009290268888272
0.012127475723777365
0.012278872146769978
0.012210863458091834
0.012332984714575173
0.012299368091585466
0.012583430898685055
0.012471666309686675
0.01266342598947439
0.012907075546970974
0.012882143655142196
0.012991557385823072
0.013023632734731186
0.01318477325192545
0.013355211743105411
0.01334323930702057
0.013447450831153254
0.013371008282452761
0.013416836518764274
0.013590860854381688
0.013693043334623664
0.013783782939935863
0.013827641832210713
0.01408352701728487
0.014111244807593078
0.014332168410448001
0.014513111542464829
0.014474995354681905
0.014568378473522381
0.0148216912685501
0.015010218961609142
0.015166903053318359
0.015166712728494769
0.015346866692384074
0.015548571431699076
0.01562293929226852
0.015785568961056436
0.01580782222298947
0.01576675124954245
0.015793169529285517
0.016043394809470934
0.01621156482419862
0.016474752557813253
0.016489014807247022
0.016558307839487377
0.016607060111150294
0.016870519945348692
0.016944258086713324
0.017066625732204882
0.017225953834707545
0.017370289608032344
0.01754569105647825
0.017503765970572956
0.01751275998767279
0.017580324790432457
0.01769975467078601
0.017998403347897613
0.018184897204384202
0.018089089699433604
0.018202812488041942
0.01832295620539683
0.01856151774596943
0.018616701445628367
0.01861038517877906
0.018692615250024344
0.018844453737941108
0.019067418056526224
0.019300286184533364
0.01952243639170187
0.019432084127084793
0.01939293187100802
0.01953605713737131
0.019544074356655717
0.019542319414423446
0.019718897360137655
0.019796526730182055
0.01988949083804567
0.020066915858924287
0.020146900868234348
0.02030175847891193
0.020601076573619728
0.02069488885380984
0.020715929188952566
0.020618516563039754
0.02057303966428771
0.020685355194733076
0.020707440836191686
0.02073043237202466
0.02073077087823457
0.02068531463241947
0.020714162649750716
0.020665885260513817
0.02077754277286329
0.020869996253135886
0.020816373982113636
0.020863947529137446
0.02092533173817592
0.020812906111116854
0.02089045808962609
0.02086859170290669
0.020854601881875597
0.02098194886000781
0.02103075111156071
0.021175631272622803
0.021219974392611994
0.021264014670652573
0.021315313119584216
0.02141478266506354
0.021706147582070196
0.02177442407474637
0.021742311314886367
0.021849385996448128
0.021917807771815647
0.02192993513513916
0.021998336404413524
0.021986161034525824
0.02204360607502589
0.02211011585661111
0.02219072310587263
0.022230099930713114
0.0222799020938846
0.022394495114365916
0.02247977559923772
0.022488919380284807
0.022522173646277625
0.022469014856744483
0.02242412719333269
0.0224555840885334
0.022530634929482603
0.022541709307140313
0.022585844016730364
0.022553663061825248
0.022583287524100874
0.02272286268852752
0.02295089772747015
0.02293232776704901
0.022899893451719527
0.02296757854594112
0.02294535504187332
0.022994232092769667
0.023070916625954476
0.023139281611387282
0.02308661531813331
0.02332231917395846
0.023471052301504616
0.02355869378025163
0.02361026122830376
0.023560962597220847
0.023789314358590986
0.023798815939695878
0.023887021436926753
0.023910093027856256
0.023958032465447015
0.0240439985049775
0.024013509564761917
0.02404707890337492
0.0240254832857004
0.02412232024524859
0.02411108546166534
0.024086164850881393
0.024242072744739825
0.024241032832164573
0.024356858509721517
0.02441150067381391
0.02433553046238569
0.024392298085053457
0.024426510527528523
0.02467529390352803
0.02462008856944506
0.024705104646074533
0.02472188231032202
0.0248440917836641
0.024861093060397372
0.02502258030196963
0.02509271123244872
0.02520193093877884
0.025240611020436787
0.0253788483808341
0.025401303424654166
0.025532598414750748
0.02554953844625963
0.02551798876081207
0.025506310490346757
0.025498480621422733
0.025538644158052775
0.025633384705973258
0.025629205417712114
0.025654301290835166
0.025702471621164662
0.02564195430167758
0.025729873719488153
0.02571507806815527
0.025775390353145033
0.025875882761347772
0.025986636597716772
0.02606087954755972
0.026017615172658878
0.02596345221022302
0.026097778954307205
0.026221440420233305
0.026294356831451995
0.026373691029453063
0.02644648333505852
0.02648544648263906
0.0266530710797458
0.026598127617586443
0.026699613690069006
0.026743594960226363
0.026794885696703647
0.026813351228432095
0.026836340472221228
0.02681993879107252
0.02683939871922577
0.026768860070084124
0.026779509943474545
0.026843185287697458
0.026799897348461867
0.026818407387690108
0.02684062670139763
0.02682020337541031
0.026931908986049163
0.026937199324042278
0.027077271914541512
0.027090625048877062
0.027069621846201625
0.027275555705209543
0.027282144165039247
0.027296468791020354
0.027395175155000444
0.027655960602103402
0.027751824855043922
0.02777057753757097
0.027999305586654102
0.028012524648366142
0.028128581848838395
0.028213365975594755
0.028281409993141098
0.02830622134224442
0.02831009010997714
0.02831608545256795
0.028477649747910446
0.028538960499184102
0.028544074714475207
0.02861227898486076
0.028600329697631956
0.02867746028891338
0.028704934722000624
0.028787186670768888
0.028845342583648317
0.028849129933069564
0.028918649307788247
0.029090326332673232
0.029121429787379034
0.029130897064784618
0.029127603026465734
0.029183870118371473
0.02926197631522783
0.029334028727620032
0.02950820564445044
0.02957376363218646
0.02972011187239495
0.02971655710055169
0.02985929641972872
0.02991635810344824
0.029894440626590923
0.02998701690462774
0.029980213832080167
0.02998927214347891
0.03004806276686332
0.030104415067188903
0.030104090315441513
0.030113904065206993
0.030212178437890935
0.030237511345292924
0.030221863507758955
0.030199752070503665
0.030228737255002653
0.03040570195527653
0.030338153290002196
0.030292756590862942
0.030350309704512
0.030514358924341924
0.030547962014017955
0.030549789953458206
0.030635425279279926
0.0307798237288878
0.030870277711085987
0.030871845159911034
0.03087236229354703
0.030923619472852115
0.030934557459361953
0.030935279020609618
0.031040584300917315
0.031047015343099494
0.031151127141296926
0.031169881253482874
0.031140777508799723
0.03115708298047407
0.031149017995222326
0.03116229013434368
0.031232939585233446
0.03130629292410046
0.03131636765185954
0.03137556453286288
0.031376652167549146
0.03135151194360609
0.03150341146858174
0.03151183977723825
0.031595635113456394
0.03170058286114475
0.031698573479287756
0.03169537235962723
0.031721444458408465
0.03171820496304909
0.03170231534007237
0.03177634287198976
0.03195468349094452
0.03205020949491391
0.032107106177509545
0.03215919191015746
0.032053695277990873
0.03208266480114283
0.032094310882230526
0.032066581660544866
0.03214266958328719
0.03212135958307326
0.03207479578753817
0.03211033655815884
0.03214790151154222
0.032227933974384865
0.03220203742153522
0.03220336776897682
0.03216883710164657
0.032156461687350014
0.03218037319604434
0.03231479289302238
0.03229920146787892
0.03237868799493426
0.032426200262586934
0.03252436004031881
0.032769727543284534
0.03275440323413992
0.032760049940827984
0.03277171950379551
0.03275446604348015
0.03285074139991272
0.032901886668806966
0.03286950440372507
0.03301485076398718
0.03319856929676455
0.03319482748376025
0.03324601055591208
0.03337305665747965
0.03334447855391833
0.03335182369954436
0.03347687034784304
0.03353865715500663
0.033527129404746746
0.033547683445754234
0.03359396379258099
0.033670505186368396
0.033803320128980775
0.03379788729364583
0.03390075263711647
0.03388202733801621
0.033902243072490214
0.03392441865752497
0.03400274290463916
0.033976234779633664
0.03398236982023381
0.03400453867639011
0.03403644309228808
0.03406668826450773
0.03413995371705213
0.034266498255431564
0.03437000112417459
0.03442684661086947
0.03452452561405961
0.03456827616600614
0.03452871330262591
0.03463078934161783
0.03472359082600602
0.03471941861264977
0.03473559045185424
0.034779253125343586
0.034713620672994216
0.034801317720026426
0.03479904174039595
0.034735282604459
0.03474735389158155
0.03477356752464415
0.03481398002975678
0.03494631412661364
0.034966259380776646
0.03492696102706238
0.034990830326600025
0.035060563004444475
0.03504432077094023
0.03524333867751003
0.035266364232921135
0.035248091703049156
0.03530521581789155
0.03548200463565733
0.03550692255656852
0.03553227341655225
0.035579546442836014
0.03561542292091866
0.03557987365112175
0.03559226567635004
0.03559500565830862
0.03560567081267339
0.03571635964782405
0.035724390015931515
0.035783551367241866
0.03579696728202514
0.03575901621702516
0.03569645846325165
0.035745722778174754
0.03574840032177372
0.035730092213176724
0.035748812949827985
0.03579828772508261
0.03582604469160923
0.035823876513284565
0.03585834724832682
0.03591887923657739
0.03595431989616654
0.036035391067805
0.03603855060462045
0.035981362985129134
0.036011906677491955
0.036053164365675905
0.03606706893849869
0.0360984464444131
0.03610074670374182
0.03612942927336912
0.03609767566473558
0.036162104387273006
0.03617027104356117
0.036210394452951024
0.036230829093696175
0.03624940785770215
0.036258092083962926
0.036236011179108865
0.036234758134378195
0.03637439378414737
0.03639357333257527
0.03646088684732523
0.03653906347448507
0.0366317615494303
0.036584587276268794
0.03654439139533603
0.036588943414085376
0.03664472318308837
0.036894454002401836
0.036874172176089716
0.03686288427393742
0.03692979134004099
0.036934548284255485
0.03696273202590501
0.03714590875734938
0.03712388777056595
0.03711766342008181
0.03711568336063106
0.03715587134282695
0.03717558569589977
0.03720403717284745
0.03721376640677871
0.03722937628533673
0.03734298531211167
0.03732301990258162
0.03749201127298008
0.037447001724749344
0.037560513816545966
0.0375858137811933
0.037569034578750986
0.03763853056437344
0.03765141593965305
0.037689190013975964
0.037677239249520864
0.037670567784345466
0.03767292174266687
0.0376296461368747
0.03761093181559879
0.037669749277727094
0.037762698338064164
0.037806987069750275
0.037831190210336374
0.037883014264596906
0.037891290504885086
0.03783730342448663
0.03783387496023677
0.03778947261215586
0.03785439367451128
0.03783305103446853
0.037825644439533485
0.03783371174341519
0.03783004785132632
0.037875232718456074
0.037870416693573335
0.03794779088551022
0.03788308407529436
0.037890502908622184
0.0379727935560693
0.037938047942421435
0.03789007151578694
0.03794001753915943
0.03797247265516101
0.03797749701329635
0.03793910071631944
0.03794272659098462
0.03798614139430431
0.03796377858229828
0.03802175012898832
0.03799869659709711
0.038023391197898555
0.03807221768418612
0.03807650183364288
0.03813891315785216
0.03823090000408595
0.038205321355612755
0.03820564784689979
0.038183964277583894
0.038190327369405454
0.038352324172013175
0.03838981248424486
0.03845587264360998
0.03845366428064326
0.0384421359713007
0.038473148465853944
0.03847362777508235
0.038507190521284526
0.03850766041815651
0.038627503713583485
0.03865649249726447
0.03873982295007841
0.03875619976391623
0.03877371335954249
0.03881829890101002
0.038825275393384706
0.03894075051005653
0.03895769339877354
0.038908836534978807
0.03890260593373877
0.03898029863441804
0.03893980993183288
0.03901590286853074
0.03908466719045336
0.03905651946408004
0.03907973577838513
0.03907515081547775
0.039078583625956835
0.03910132981418805
0.03911853081986675
0.03907360479003202
0.03913279551438505
0.03913908131477679
0.0391603337674745
0.03914395799796309
0.03919026596352831
0.039212636699995744
0.03931259413673305
0.03933409592291013
0.03935858360240975
0.03942931794705726
0.03942041539673362
0.039411297469412694
0.03943625409264142
0.03948354481227232
0.03949411621995123
0.039505012554353215
0.039496418357169494
0.03950353337156784
0.03952298076364688
0.03957123078407689
0.03953914138009481
0.03967212006185909
0.03966825933023229
0.03968001584903194
0.03967275307101508
0.039715825837866654
0.03968404565264183
0.03972163290858851
0.03973491124862271
0.03970360361873752
0.03974615897182873
0.03978312406567051
0.03976840843889093
0.039896459586757894
0.03992463203659382
0.03992104794102828
0.03992337670108173
0.039897745066924076
0.039903668932432745
0.03994199076412067
0.0400053213413511
0.04005329894234181
0.04012705997763493
0.040127419118047354
0.0401159469364924
0.04009722206320775
0.04017724802829244
0.040144142060181125
0.040167015061867206
0.040181375744028996
0.0401678996920478
0.04011666428944329
0.040202618484224587
0.040206967271426065
0.0402231994664428
0.04021740285255885
0.040222172405478665
0.04024040090872712
0.04025218241699278
0.040243723017871755
0.04028039607952189
0.04025370408158138
0.04024068969179935
0.040288097792278744
0.04026586399403852
0.04026383019010927
0.040220987979319764
0.040217705084497436
0.040250823097617766
0.04025749934213259
0.04024131313596486
0.040253415023054614
0.04019574753868111
0.04020485356587465
0.040185110425555684
0.040189884407111784
0.040258457201387286
0.04029022973018376
0.04023890178952096
0.04025706753676026
0.04035928537157307
