NaN
0.006109349324693732
0.005042630048181245
0.005735740835651073
0.004682970327425792
0.005420325259170127
0.004748388279002065
0.004322975362463464
0.004102481873492997
0.0040072543985150595
0.004063054371942255
0.004315932961239777
0.004362747971907981
0.0044344049155820315
0.004512513359032202
0.004521387666563382
0.004714127483366311
0.005098388608198256
0.005397014579134848
0.0054402453556529114
0.005505783965067354
0.005454136254740633
0.005522384637201258
0.005681774121449798
0.0058461674370344115
0.005863010146897332
0.0056816214090309155
0.005834731333003571
0.005891472862633881
0.006177802400913169
0.0061180007125305295
0.006135654050461538
0.006206770197223403
0.006185663235128804
0.006059609739110482
0.006090559147867941
0.0062777693125389816
0.006381833787266819
0.006549254376174697
0.006584051791653802
0.006555556866982636
0.006668445355621141
0.006636760017049054
0.006866939714163632
0.006814153128734333
0.006833294935191422
0.007023856905115866
0.007146829333566366
0.007271694459736262
0.00739530561659684
0.0075925845656813875
0.007611400690454821
0.007607070482324874
0.0076448467017926425
0.007759203812658841
0.007794405188822352
0.00781658083642324
0.007802706646917416
0.007946266153069073
0.008179788580214592
0.008128426813091887
0.00832017466237142
0.008420537312756226
0.008421068349455569
0.008427464539193026
0.008380430498171961
0.008398205499376846
0.008557315826720934
0.008616542215806782
0.008721796545779325
0.008777364575331374
0.008815374141119135
0.00884840727780496
0.008849886157318632
0.008784413639939603
0.008847157777176755
0.008840328382630408
0.008969601184307716
0.009000626155478565
0.009002984982750319
0.008968251779185702
0.009073039316365324
0.00909711378817123
0.00913935227430233
0.009207872977083705
0.009188751408816457
0.009212924010373668
0.009164357257478486
0.009333189949863723
0.009255928853583046
0.009350485443940994
0.009511992939065296
0.009437192556772628
0.009476459099883837
0.00945899188793836
0.0095769198962545
0.009662050088619228
0.009655590708822409
0.009659259888257265
0.009544997933187837
0.009506831586328401
0.009600975134552454
0.009645781266582484
0.009639017538858947
0.00964804534959214
0.009718412391538327
0.009741618483779331
0.009860306181729851
0.009933350497189505
0.00988092632354602
0.009908489753785832
0.00997198261065191
0.010073245984258971
0.010149094588404997
0.010081468992483748
0.010158260697734458
0.010258482974341059
0.010337247625539853
0.01039233185320039
0.01038213524402832
0.010337916808104083
0.01035840807690373
0.010424014943488187
0.010526941970739207
0.010562564169618958
0.010539395315931736
0.010545455418387174
0.010533704287828021
0.010604239145114608
0.010591457732999871
0.010625855830833168
0.010650449461851366
0.010703660934665337
0.010735271528937343
0.010681670020899635
0.010650140638191283
0.010635291246995492
0.010625081241915472
0.010727702198279964
0.010736710755457094
0.010684872489221418
0.010681359286515826
0.010679082116927332
0.010792182662746109
0.010834811478899578
0.010835997980366443
0.01082590377392298
0.010841861307345674
0.010917558076140777
0.010953675576585113
0.011036056277254442
0.010970743793213118
0.010928633874079961
0.010996483760984322
0.010938813231967551
0.010948048876363355
0.010964111921849666
0.01102107375090935
0.011018961116387168
0.011069929457316588
0.011082288545445027
0.01106336004154048
0.011125787003863873
0.011139488557499399
0.011187655130405254
0.011124887270979131
0.01108312647113765
0.011092003302872298
0.011099615635993655
0.011093235652796745
0.01105783390802639
0.011032634304529625
0.01103350546866458
0.011004068897655634
0.0110413114228112
0.011047543264165911
0.011005805580490503
0.011027525940019727
0.011028104270664169
0.010980503861982361
0.011023413833555977
0.010998425322247025
0.010985612457532616
0.01101590158446865
0.011047470663956333
0.011120576757391292
0.011131163232207444
0.011110756657002762
0.011150938449336371
0.011177062713360875
0.01124015310190645
0.011258060224126641
0.01123157385291501
0.011252329164226775
0.011247831931845483
0.011201164817962904
0.011204018556002528
0.011185250624303526
0.011182620623903848
0.011175089393432331
0.011185444522957238
0.011205362235937578
0.011199383259823613
0.011239487078046518
0.011257296952490583
0.011243126769718803
0.011248735515379695
0.011216902326261262
0.011212762678565644
0.011192186359700932
0.011196064679905101
0.011178461313502659
0.011159639482479881
0.011153157231635073
0.01113852038267606
0.011156368721038049
0.011158820248130613
0.011148295657739043
0.011159074552052442
0.01114956442102443
0.011147445353420984
0.011156483600974671
0.011187483364400142
0.011197676224138085
0.011188636423955881
0.011206533759887338
0.011242935021721925
0.011283123980310162
0.011264021112003173
0.0112468695791875
0.011336082619218684
0.011344119140795278
0.011364020185869803
0.011355678161179182
0.011359448625737154
0.011371649358053838
0.011377036454090292
0.011382864845558716
0.011362259374628344
0.011376829874264686
0.011382291323658094
0.011377149220885304
0.011414070977783351
0.011418758553326587
0.01147260770477329
0.011477612838949323
0.011444275337259429
0.011453000636034848
0.01146749770572838
0.011570873076858218
0.01156073688017994
0.011557262685393112
0.011582543685922443
0.011612729823427448
0.011590744245131113
0.01161158720463389
0.01163496382654971
0.011632853754565377
0.011659660031745204
0.01164126787224584
0.011649030898596877
0.011653037012531023
0.01165223709381646
0.011648809688340781
0.01163852122335648
0.011621037252494663
0.011626240417904785
0.011645709916634371
0.011623203850897228
0.011622357561297078
0.011620326418947178
0.011586835115820638
0.011630299582366914
0.01163220741795338
0.01163072954198111
0.01164801196676969
0.011671192805393731
0.011707332218882193
0.011687631510681392
0.011662636983133398
0.011680887692889717
0.011700074634556749
0.01169931855486052
0.01173602624284975
0.01173813662654836
0.01171740942022468
0.011764928703038323
0.011741621362432854
0.011747741800511243
0.011744977009638028
0.011724815788828457
0.011721567167937938
0.011711065666697003
0.011690610028180197
0.011697869989632893
0.011666968119610805
0.011655042175550358
0.011673742683368505
0.011655377294098209
0.011670787302572502
0.011647344358276227
0.011621637878874456
0.011629366911188974
0.011634453015299322
0.0116783931329656
0.011680020683950914
0.011704674800505957
0.011801769772861246
0.011804733783294453
0.011835024093613214
0.011867266849119394
0.011903131609197464
0.011941063266591756
0.011959209664988408
NaN
NaN
NaN
NaN
NaN
NaN
NaN
NaN
NaN
NaN
NaN
NaN
NaN
NaN
NaN
NaN
NaN
NaN
NaN
NaN
NaN
NaN
NaN
NaN
NaN
NaN
NaN
NaN
NaN
NaN
NaN
NaN
NaN
NaN
NaN
NaN
NaN
NaN
NaN
NaN
NaN
NaN
NaN
NaN
NaN
NaN
NaN
NaN
NaN
NaN
NaN
NaN
NaN
NaN
NaN
NaN
NaN
NaN
NaN
NaN
NaN
NaN
NaN
NaN
NaN
NaN
NaN
NaN
NaN
NaN
NaN
NaN
NaN
NaN
NaN
NaN
NaN
NaN
NaN
NaN
NaN
NaN
NaN
NaN
NaN
NaN
NaN
NaN
NaN
NaN
NaN
NaN
NaN
NaN
NaN
NaN
NaN
NaN
NaN
NaN
NaN
NaN
NaN
NaN
NaN
NaN
NaN
NaN
NaN
NaN
NaN
NaN
NaN
NaN
NaN
NaN
NaN
NaN
NaN
NaN
NaN
NaN
NaN
NaN
NaN
NaN
NaN
NaN
NaN
NaN
NaN
NaN
NaN
NaN
NaN
NaN
NaN
NaN
NaN
NaN
NaN
NaN
NaN
NaN
NaN
NaN
NaN
NaN
NaN
NaN
NaN
NaN
NaN
NaN
NaN
NaN
NaN
NaN
NaN
NaN
NaN
NaN
NaN
NaN
NaN
NaN
NaN
NaN
NaN
NaN
NaN
NaN
NaN
NaN
NaN
NaN
NaN
NaN
NaN
NaN
NaN
NaN
NaN
NaN
NaN
NaN
NaN
NaN
NaN
NaN
NaN
NaN
NaN
NaN
NaN
NaN
NaN
NaN
NaN
NaN
NaN
NaN
NaN
NaN
NaN
NaN
NaN
NaN
NaN
NaN
NaN
NaN
NaN
NaN
NaN
NaN
NaN
NaN
NaN
NaN
NaN
NaN
NaN
NaN
NaN
NaN
NaN
NaN
NaN
NaN
NaN
NaN
NaN
NaN
NaN
NaN
NaN
NaN
NaN
NaN
NaN
NaN
NaN
NaN
NaN
NaN
NaN
NaN
NaN
NaN
NaN
NaN
NaN
NaN
NaN
NaN
NaN
NaN
NaN
NaN
NaN
NaN
NaN
NaN
NaN
NaN
NaN
NaN
NaN
NaN
NaN
NaN
NaN
NaN
NaN
NaN
NaN
NaN
NaN
NaN
NaN
NaN
NaN
NaN
NaN
NaN
NaN
NaN
NaN
NaN
NaN
NaN
NaN
NaN
NaN
NaN
NaN
NaN
NaN
NaN
NaN
NaN
NaN
NaN
NaN
NaN
NaN
NaN
NaN
NaN
NaN
NaN
NaN
NaN
NaN
NaN
NaN
NaN
NaN
NaN
NaN
NaN
NaN
NaN
NaN
NaN
NaN
NaN
NaN
NaN
NaN
NaN
NaN
NaN
NaN
NaN
NaN
NaN
NaN
NaN
NaN
NaN
NaN
NaN
NaN
NaN
NaN
NaN
NaN
NaN
NaN
NaN
NaN
NaN
NaN
NaN
NaN
NaN
NaN
NaN
NaN
NaN
NaN
NaN
NaN
NaN
NaN
NaN
NaN
NaN
NaN
NaN
NaN
NaN
NaN
NaN
NaN
NaN
NaN
NaN
NaN
NaN
NaN
NaN
NaN
NaN
NaN
NaN
NaN
NaN
NaN
NaN
NaN
NaN
NaN
NaN
NaN
NaN
NaN
NaN
NaN
NaN
NaN
NaN
NaN
NaN
NaN
NaN
NaN
NaN
NaN
NaN
NaN
NaN
NaN
NaN
NaN
NaN
NaN
NaN
NaN
NaN
NaN
NaN
NaN
NaN
NaN
NaN
NaN
NaN
NaN
NaN
NaN
NaN
NaN
NaN
NaN
NaN
NaN
NaN
NaN
NaN
NaN
NaN
NaN
NaN
NaN
NaN
NaN
NaN
NaN
NaN
NaN
NaN
NaN
NaN
NaN
NaN
NaN
NaN
NaN
NaN
NaN
NaN
NaN
NaN
NaN
NaN
NaN
NaN
NaN
NaN
NaN
NaN
NaN
NaN
NaN
NaN
NaN
NaN
NaN
NaN
NaN
