0
46
142
297
548
797
1124
1418
1789
2127
2479
2825
3179
3564
3894
4273
4649
5048
5503
5862
6232
6681
7085
7488
7884
8200
8578
8990
9318
9708
10130
10512
10858
11178
11537
11917
12308
12724
13115
13475
13876
14212
14654
15063
15412
15841
16212
16547
17024
17423
17834
18270
18678
19044
19450
19895
20258
20629
21063
21462
21847
22246
22606
23008
23422
23769
24099
24505
24889
25225
25576
26001
26349
26733
27148
27464
27861
28339
28751
29235
29606
29980
30380
30790
31185
31555
31939
32313
32700
33035
33409
33827
34240
34613
34946
35456
35904
36249
36634
36942
37299
37707
38127
38498
38829
39208
39611
40005
40469
40918
41319
41762
42146
42540
42846
43235
43604
43946
44299
44670
45032
45506
45889
46333
46756
47250
47612
47981
48327
48658
49015
49352
49737
50137
50558
50990
51350
51727
52113
52473
52876
53235
53677
54022
54404
54744
55155
55612
55915
56292
56680
57140
57525
57936
58342
58750
59227
59629
60027
60358
60693
61169
61580
62045
62446
62805
63131
63559
63930
64292
64642
64949
65276
65608
65973
66347
66729
67183
67679
68136
68533
68938
69298
69695
70136
70508
70875
71240
71568
71981
72382
72808
73194
73566
73957
74339
74705
75106
75499
75998
76400
76736
77176
77608
77977
78358
78677
79107
79519
79965
80391
80763
81119
81509
81852
82178
82567
82987
83362
83762
84116
84486
84819
85279
85730
86122
86514
86930
87351
87707
88065
88380
88795
89132
89532
89961
90359
90769
91173
91549
92018
92409
92752
93165
93514
93889
94292
94700
95111
95514
95939
96293
96624
97029
97429
97823
98208
98627
98977
99344
99736
100118
100504
100945
101316
101706
102112
102476
102802
103150
103568
103914
104262
104670
105034
105475
105952
106338
106731
107143
107528
107851
108253
108672
109063
109419
109802
110239
110585
110988
111463
111878
112326
112616
113032
113363
113739
114174
114503
114907
115295
115704
115965
116262
116415
116575
116715
116824
116887
116919
116945
116953
116965
116976
116985
0
0
0
0
0
0
0
0
0
0
0
0
0
0
0
0
0
0
0
0
0
0
0
0
0
0
0
0
0
0
0
0
0
0
0
0
0
0
0
0
0
0
0
0
0
0
0
0
0
0
0
0
0
0
0
0
0
0
0
0
0
0
0
0
0
0
0
0
0
0
0
0
0
0
0
0
0
0
0
0
0
0
0
0
0
0
0
0
0
0
0
0
0
0
0
0
0
0
0
0
0
0
0
0
0
0
0
0
0
0
0
0
0
0
0
0
0
0
0
0
0
0
0
0
0
0
0
0
0
0
0
0
0
0
0
0
0
0
0
0
0
0
0
0
0
0
0
0
0
0
0
0
0
0
0
0
0
0
0
0
0
0
0
0
0
0
0
0
0
0
0
0
0
0
0
0
0
0
0
0
0
0
0
0
0
0
0
0
0
0
0
0
0
0
0
0
0
0
0
0
0
0
0
0
0
0
0
0
0
0
0
0
0
0
0
0
0
0
0
0
0
0
0
0
0
0
0
0
0
0
0
0
0
0
0
0
0
0
0
0
0
0
0
0
0
0
0
0
0
0
0
0
0
0
0
0
0
0
0
0
0
0
0
0
0
0
0
0
0
0
0
0
0
0
0
0
0
0
0
0
0
0
0
0
0
0
0
0
0
0
0
0
0
0
0
0
0
0
0
0
0
0
0
0
0
0
0
0
0
0
0
0
0
0
0
0
0
0
0
0
0
0
0
0
0
0
0
0
0
0
0
0
0
0
0
0
0
0
0
0
0
0
0
0
0
0
0
0
0
0
0
0
0
0
0
0
0
0
0
0
0
0
0
0
0
0
0
0
0
0
0
0
0
0
0
0
0
0
0
0
0
0
0
0
0
0
0
0
0
0
0
0
0
0
0
0
0
0
0
0
0
0
0
0
0
0
0
0
0
0
0
0
0
0
0
0
0
0
0
0
0
0
0
0
0
0
0
0
0
0
0
0
0
0
0
0
0
0
0
0
0
0
0
0
0
0
0
0
0
0
0
0
0
0
0
0
0
0
0
0
0
0
0
0
0
0
0
0
0
0
