NaN
0.003972984562928052
0.0037852687137330952
0.003149470407448498
0.003045353454564052
0.0027656836943525946
0.0028747009219603358
0.0028586170538173173
0.0029997058550500144
0.0030293449890626527
0.0032263080981746995
0.0034894026970460393
0.003709466621768478
0.0038350571058894537
0.0038883390974572534
0.0039390453301317695
0.004060103970789122
0.004156957354530021
0.004291527533829963
0.004383715488958558
0.004571830855715697
0.004612918386857767
0.004792046486991504
0.004855442094684769
0.00505575995847197
0.005116747172334859
0.0052674074574199274
0.005393903528803236
0.0055326869484776135
0.0055452322855513575
0.005601367317499182
0.005794727990302949
0.005798791797466586
0.005900558382184969
0.005914441037248647
0.006014559275210309
0.006080141208079647
0.006185529311628594
0.00631385740006753
0.006365508304552126
0.006482873015494272
0.006518323224960996
0.006601356159885845
0.006595927891893677
0.0066054111396239585
0.006643162563103643
0.006734519847190573
0.0067442560831518575
0.0068702448711590435
0.00696956713459952
0.007047973830307669
0.007093758325583409
0.007222262978562927
0.0072538745451637895
0.0073342573681879466
0.007367765204244409
0.0074855467541397784
0.007541638474453906
0.007645130837286474
0.00768563466398417
0.007752804595294137
0.007816296533430172
0.007857771605205356
0.007913882850636671
0.007965967793079187
0.007942884168563003
0.007951394855747777
0.0080198574375061
0.008085019087270495
0.008122982396794744
0.008165607589588229
0.008187658355636807
0.008235166302792007
0.008267505402884684
0.008345925331760434
0.008426281556389132
0.008502123645075448
0.008588194815263484
0.008616012290350328
0.008679245581549358
0.008703857821195957
0.008725897573744562
0.008777626144333405
0.008832629981739323
0.008892190073136375
0.008915586817235109
0.00896574217807773
0.008962450424398753
0.00900801617501355
0.009046054462127619
0.009120517140219319
0.00921037148767692
0.0092625528136516
0.00930449055637972
0.009345662374939336
0.009358519168762361
0.009435404253283621
0.009456582159005217
0.009491158591057676
0.009548391845963452
0.009586814590819327
0.00960575031314265
0.009639962764484002
0.009673022978463034
0.00969971027646189
0.00973253845661506
0.009737487303947053
0.009757546467000939
0.009763605180571391
0.009748841668786276
0.009778004365477136
0.009825580290011252
0.009831318400555228
0.009830618280434895
0.009850808878419614
0.009856424604698375
0.009896149608714253
0.009916561900592166
0.009892697520026767
0.009870721222421299
0.009892438739608437
0.00992392432689086
0.009930418115434771
0.009933644292136837
0.009936148483863315
0.009958650803311694
0.00997174308603408
0.009980256796382514
0.009996672171820304
0.01003203550473887
0.010050985152853775
0.010070459551561071
0.010076109397032632
0.010124975679788524
0.010144166421272683
0.010189422627023334
0.010196129878134482
0.010235288566395153
0.010272149043718275
0.010302685070138705
0.01031041076413119
0.010355304292316587
0.010365933942266833
0.010377882295159317
0.010401946418025325
0.010415078744956093
0.010438855933601977
0.010463660929065937
0.010481254959622195
0.010504318992117791
0.010534198124590778
0.010525076287408336
0.010551292372551788
0.010573625932256399
0.010551272680118177
0.010574252356719266
0.010585653929640662
0.01057299870395576
0.010561909376216603
0.010590929089097723
0.0105995821768488
0.010605516281715464
0.010601253664200528
0.010604074105535537
0.010640697727166028
0.010667430908180786
0.010685629453817062
0.010685331169833652
0.010689553041063816
0.010702607968222871
0.010738941605528777
0.010766542275674274
0.010795060056360169
0.0108349732517281
0.010848619694809096
0.010841336703451448
0.01088029201471245
0.010897605860163665
0.010912063463277966
0.010924604671288017
0.010922760274909375
0.010920871045660061
0.010895379771831755
0.010915434125737542
0.010946349694398873
0.01094085498757009
0.010937338358598574
0.010929826920777016
0.010955670708377002
0.010946459777127646
0.010953527691150418
0.010944587850734398
0.010982754209449963
0.011019912531728465
0.011022496323437814
0.011038237343707428
0.0110721306143521
0.011084803821585585
0.011116661274680792
0.011121198443690994
0.011149162942979305
0.01117091735369555
0.011179763908729757
0.011183901119029064
0.01121114726247028
0.011219785223593197
0.01123896923000723
0.011245199607165822
0.011253264369238864
0.011254204900540342
0.011266983487570348
0.011261958484178934
0.011281873897086079
0.011297150543888539
0.011305128452419218
0.011321364036755033
0.011324362623405549
0.011308446268156922
0.011326113795642297
0.011355252816379042
0.01134236488171883
0.011340009443813293
0.011344485092765876
0.011353050278169317
0.011370208556438942
0.011377940694567247
0.011373034287099541
0.011385329393989367
0.011383077313135825
0.011392189787745394
0.011402610616364231
0.011386742948666057
0.011380689180608243
0.011396263606290489
0.011410431145068867
0.01142225587160479
0.01142932974870257
0.011448064946090086
0.01145939508154194
0.011461037270952292
0.01145904009141311
0.011453224134134249
0.0114499525376684
0.01145930622282914
0.011447937443698517
0.011455246508526418
0.0114628925503275
0.011478272765169942
0.011486000750726937
0.011495222354523497
0.011515162361519607
0.011519532656591003
0.011532536481652752
0.011547187719972296
0.011534449569532946
0.011555767518908024
0.01155245461132741
0.011553611095361587
0.011555819636193898
0.011558218373328434
0.011552474561688602
0.01154504144385415
0.011528402903052305
0.011530725839954542
0.01153027846511526
0.011520889540869463
0.011529752511067142
0.011530588524658509
0.01152998171474919
0.011527175526618813
0.011534246958024897
0.011531482607694562
0.011557457328881197
0.011564732707416422
0.011565590871695937
0.011559022005790278
0.011546215970176275
0.011559081863931625
0.011575420938786999
0.011580468047111268
0.011590029099768032
0.011596664962398537
0.011596579307113997
0.011604642205219434
0.011611141342258003
0.011628302383071195
0.01164306964303837
0.011649902093335055
0.011647529087249886
0.011637489648153001
0.011656785307823794
0.011667101996678935
0.01166283925844605
0.011669294629898458
0.011673584135988917
0.011678501994786997
0.011692330027459372
0.011694573526646863
0.011693897928736246
0.011694228845755411
0.01171054785621075
0.011717510195372172
0.011722677292976496
0.011741147218907578
0.0117670246647449
0.011794954539969175
0.01181292677716498
0.011840574164327038
0.011867462747372385
0.011892461382022322
0.01191608245374459
0.011954303613850163
0.01198242755738245
0.012009678016840995
0.01202731588925895
NaN
NaN
NaN
NaN
NaN
NaN
NaN
NaN
NaN
NaN
NaN
NaN
NaN
NaN
NaN
NaN
NaN
NaN
NaN
NaN
NaN
NaN
NaN
NaN
NaN
NaN
NaN
NaN
NaN
NaN
NaN
NaN
NaN
NaN
NaN
NaN
NaN
NaN
NaN
NaN
NaN
NaN
NaN
NaN
NaN
NaN
NaN
NaN
NaN
NaN
NaN
NaN
NaN
NaN
NaN
NaN
NaN
NaN
NaN
NaN
NaN
NaN
NaN
NaN
NaN
NaN
NaN
NaN
NaN
NaN
NaN
NaN
NaN
NaN
NaN
NaN
NaN
NaN
NaN
NaN
NaN
NaN
NaN
NaN
NaN
NaN
NaN
NaN
NaN
NaN
NaN
NaN
NaN
NaN
NaN
NaN
NaN
NaN
NaN
NaN
NaN
NaN
NaN
NaN
NaN
NaN
NaN
NaN
NaN
NaN
NaN
NaN
NaN
NaN
NaN
NaN
NaN
NaN
NaN
NaN
NaN
NaN
NaN
NaN
NaN
NaN
NaN
NaN
NaN
NaN
NaN
NaN
NaN
NaN
NaN
NaN
NaN
NaN
NaN
NaN
NaN
NaN
NaN
NaN
NaN
NaN
NaN
NaN
NaN
NaN
NaN
NaN
NaN
NaN
NaN
NaN
NaN
NaN
NaN
NaN
NaN
NaN
NaN
NaN
NaN
NaN
NaN
NaN
NaN
NaN
NaN
NaN
NaN
NaN
NaN
NaN
NaN
NaN
NaN
NaN
NaN
NaN
NaN
NaN
NaN
NaN
NaN
NaN
NaN
NaN
NaN
NaN
NaN
NaN
NaN
NaN
NaN
NaN
NaN
NaN
NaN
NaN
NaN
NaN
NaN
NaN
NaN
NaN
NaN
NaN
NaN
NaN
NaN
NaN
NaN
NaN
NaN
NaN
NaN
NaN
NaN
NaN
NaN
NaN
NaN
NaN
NaN
NaN
NaN
NaN
NaN
NaN
NaN
NaN
NaN
NaN
NaN
NaN
NaN
NaN
NaN
NaN
NaN
NaN
NaN
NaN
NaN
NaN
NaN
NaN
NaN
NaN
NaN
NaN
NaN
NaN
NaN
NaN
NaN
NaN
NaN
NaN
NaN
NaN
NaN
NaN
NaN
NaN
NaN
NaN
NaN
NaN
NaN
NaN
NaN
NaN
NaN
NaN
NaN
NaN
NaN
NaN
NaN
NaN
NaN
NaN
NaN
NaN
NaN
NaN
NaN
NaN
NaN
NaN
NaN
NaN
NaN
NaN
NaN
NaN
NaN
NaN
NaN
NaN
NaN
NaN
NaN
NaN
NaN
NaN
NaN
NaN
NaN
NaN
NaN
NaN
NaN
NaN
NaN
NaN
NaN
NaN
NaN
NaN
NaN
NaN
NaN
NaN
NaN
NaN
NaN
NaN
NaN
NaN
NaN
NaN
NaN
NaN
NaN
NaN
NaN
NaN
NaN
NaN
NaN
NaN
NaN
NaN
NaN
NaN
NaN
NaN
NaN
NaN
NaN
NaN
NaN
NaN
NaN
NaN
NaN
NaN
NaN
NaN
NaN
NaN
NaN
NaN
NaN
NaN
NaN
NaN
NaN
NaN
NaN
NaN
NaN
NaN
NaN
NaN
NaN
NaN
NaN
NaN
NaN
NaN
NaN
NaN
NaN
NaN
NaN
NaN
NaN
NaN
NaN
NaN
NaN
NaN
NaN
NaN
NaN
NaN
NaN
NaN
NaN
NaN
NaN
NaN
NaN
NaN
NaN
NaN
NaN
NaN
NaN
NaN
NaN
NaN
NaN
NaN
NaN
NaN
NaN
NaN
NaN
NaN
NaN
NaN
NaN
NaN
NaN
NaN
NaN
NaN
NaN
NaN
NaN
NaN
NaN
NaN
NaN
NaN
NaN
NaN
NaN
NaN
NaN
NaN
NaN
NaN
NaN
NaN
NaN
NaN
NaN
NaN
NaN
NaN
NaN
NaN
NaN
NaN
NaN
NaN
NaN
NaN
NaN
NaN
NaN
NaN
NaN
NaN
NaN
NaN
NaN
NaN
NaN
NaN
NaN
NaN
NaN
NaN
NaN
NaN
NaN
NaN
NaN
NaN
NaN
NaN
NaN
NaN
NaN
NaN
NaN
NaN
NaN
NaN
NaN
NaN
NaN
NaN
NaN
NaN
