0
77699
195985
395453
770972
1242834
1583166
2204198
2777145
3519879
4064905
4524603
5131384
5762470
6779733
7559179
8238324
9253463
9877898
11218419
12100390
13051032
14517125
15519273
16697234
18088637
19015659
20339310
21186095
22230502
24229687
26038159
27292080
28602170
30263850
31596183
32780312
33743682
35408645
36556448
38428383
40667060
42694977
43485764
44414284
46356797
47475072
49213794
50538079
52964673
55090418
56513193
58100871
60254811
61670119
62913551
64733126
66566055
68115991
69203520
70431289
72506265
73878086
76134966
78537558
79788888
82636409
85006987
87682181
89896898
91531032
93602088
94926313
97373781
99295862
100956919
103762682
106469659
107999694
110373926
111807381
114249430
115904219
117109652
119118949
120696288
122561666
124333852
125471797
127406880
129297516
130994935
132248560
134419825
135399072
136624911
138730260
139927271
141742191
143728446
145632646
147018400
148494365
150766291
152219863
155822318
157205877
160179928
162182351
164851467
167755984
170077771
172764374
174952683
177669812
179599370
181889764
184799636
187762286
191237255
192872421
195852892
199302483
200035115
202595182
204030394
206839508
208812661
210982146
213296731
216729266
218732347
220623965
222574098
224227667
226192802
229860019
231539946
234205828
236282067
238904242
241645359
243752093
246014428
248227854
250574690
253913371
256896168
260140224
261988742
264465555
267483498
268490206
272908028
275207366
276446287
277906419
278706094
280739300
283037009
285013285
287322314
289580618
291460143
293093821
295011620
297094072
298747056
300900116
304601783
307053386
310509507
311845098
314384614
317374913
318241823
320911381
322993624
324325765
325673277
328253341
329989493
331231933
334478926
335798225
337629468
339742271
343012806
345072783
348263801
350647731
353031745
354841501
356848268
360767443
363304371
365122313
368449197
370243922
371787158
374123377
375916130
377745510
380629555
381801982
384491212
385997774
387903970
390483695
392316645
394601675
396422803
398236456
400771846
403324412
405168279
407542832
410148541
412600005
415103410
416809562
420086959
422448547
424236407
426083547
428445049
430508471
433044703
435369896
438831133
440469678
442259877
443869712
444897403
447785122
450319718
452080789
453320239
455013954
456888600
458055550
461416647
462819986
464489355
466552553
468441943
470669811
473676197
476301844
478333610
481554473
483488574
485328335
488613330
491397912
494028197
495599121
498275278
499863356
502534064
505020715
506449498
508386241
511134586
513442562
516274288
517261545
518308976
520611452
522372784
524897756
526832309
529922603
532623477
533133492
535064290
538891748
541045920
542400663
543939799
546540286
548224648
550637371
553050976
553839346
556642985
559645371
562432209
564626168
565744035
567398045
568750047
571575257
573665428
575932075
577644612
579903573
582658761
584733101
587536951
589859060
591954376
595205496
596657876
599017712
600773536
603737866
606120497
608182026
610452268
612340456
615067957
616389179
618095059
619481973
0
0
0
0
0
0
0
0
0
0
0
0
0
0
0
0
0
0
0
0
0
0
0
0
0
0
0
0
0
0
0
0
0
0
0
0
0
0
0
0
0
0
0
0
0
0
0
0
0
0
0
0
0
0
0
0
0
0
0
0
0
0
0
0
0
0
0
0
0
0
0
0
0
0
0
0
0
0
0
0
0
0
0
0
0
0
0
0
0
0
0
0
0
0
0
0
0
0
0
0
0
0
0
0
0
0
0
0
0
0
0
0
0
0
0
0
0
0
0
0
0
0
0
0
0
0
0
0
0
0
0
0
0
0
0
0
0
0
0
0
0
0
0
0
0
0
0
0
0
0
0
0
0
0
0
0
0
0
0
0
0
0
0
0
0
0
0
0
0
0
0
0
0
0
0
0
0
0
0
0
0
0
0
0
0
0
0
0
0
0
0
0
0
0
0
0
0
0
0
0
0
0
0
0
0
0
0
0
0
0
0
0
0
0
0
0
0
0
0
0
0
0
0
0
0
0
0
0
0
0
0
0
0
0
0
0
0
0
0
0
0
0
0
0
0
0
0
0
0
0
0
0
0
0
0
0
0
0
0
0
0
0
0
0
0
0
0
0
0
0
0
0
0
0
0
0
0
0
0
0
0
0
0
0
0
0
0
0
0
0
0
0
0
0
0
0
0
0
0
0
0
0
0
0
0
0
0
0
0
0
0
0
0
0
0
0
0
0
0
0
0
0
0
0
0
0
0
0
0
0
0
0
0
0
0
0
0
0
0
0
0
0
0
0
0
0
0
0
0
0
0
0
0
0
0
0
0
0
0
0
0
0
0
0
0
0
0
0
0
0
0
0
0
0
0
0
0
0
0
0
0
0
0
0
0
0
0
0
0
0
0
0
0
0
0
0
0
0
0
0
0
0
0
0
0
0
0
0
0
0
0
0
0
0
0
0
0
0
0
0
0
0
0
0
0
0
0
0
0
0
0
0
0
0
0
0
0
0
0
0
0
0
0
0
0
0
0
0
0
0
0
0
0
0
0
0
0
0
0
0
0
0
0
0
0
0
0
0
0
0
0
0
0
0
0
0
0
0
0
0
0
0
0
0
0
0
0
0
0
0
0
0
0
0
0
0
0
0
0
0
0
0
0
0
0
0
0
0
0
0
0
0
0
0
0
0
0
0
0
0
0
0
0
0
0
0
0
0
0
0
0
0
0
0
0
0
0
0
0
0
0
0
0
0
0
0
0
0
0
0
0
0
0
0
0
0
0
0
0
0
0
0
0
0
0
0
0
