0
20
61
138
237
372
500
656
829
1002
1164
1341
1527
1702
1852
2009
2202
2446
2686
2886
3133
3353
3588
3755
4013
4192
4412
4549
4729
4933
5133
5312
5528
5742
6039
6203
6404
6667
6882
7084
7273
7519
7721
7918
8108
8326
8563
8791
8991
9214
9394
9612
9798
9990
10228
10446
10674
10899
11114
11359
11597
11756
11926
12177
12396
12576
12785
12971
13196
13389
13643
13808
14084
14331
14585
14773
15025
15234
15451
15655
15836
16028
16209
16455
16606
16838
17012
17240
17467
17686
17867
18052
18253
18429
18662
18856
19062
19288
19518
19741
19941
20157
20365
20532
20733
20983
21200
21437
21614
21865
22048
22268
22520
22723
22922
23152
23361
23548
23751
23992
24226
24376
24555
24764
24955
25231
25447
25688
25886
26115
26329
26567
26753
26967
27145
27348
27504
27694
27880
28017
28207
28428
28637
28881
29106
29256
29438
29667
29878
30085
30398
30572
30804
31051
31244
31414
31666
31855
32042
32255
32494
32708
32900
33118
33283
33473
33729
33951
34211
34361
34560
34788
34952
35136
35423
35684
35879
36120
36310
36576
36785
37019
37214
37430
37606
37776
37987
38189
38438
38658
38845
39052
39295
39511
39704
39927
40157
40352
40538
40703
40886
41107
41355
41571
41796
42032
42226
42457
42618
42890
43085
43293
43500
43695
43838
44018
44248
44462
44666
44914
45100
45317
45499
45728
45939
46173
46340
46561
46805
47016
47215
47452
47664
47918
48141
48280
48522
48686
48919
49136
49378
49569
49740
50020
50159
50350
50605
50786
50953
51113
51338
51520
51718
51883
52105
52341
52550
52791
53008
53202
53440
53671
53847
54053
54250
54436
54681
54909
55088
55349
55556
55754
56000
56188
56422
56681
56879
57091
57244
57485
57675
57853
58056
58282
58574
58769
58947
59174
59417
59616
59836
60001
60142
60341
60498
60701
61008
61324
61472
61690
61908
62070
62279
62455
62609
62722
62772
62835
62908
62947
62958
62967
62983
62984
0
0
0
0
0
0
0
0
0
0
0
0
0
0
0
0
0
0
0
0
0
0
0
0
0
0
0
0
0
0
0
0
0
0
0
0
0
0
0
0
0
0
0
0
0
0
0
0
0
0
0
0
0
0
0
0
0
0
0
0
0
0
0
0
0
0
0
0
0
0
0
0
0
0
0
0
0
0
0
0
0
0
0
0
0
0
0
0
0
0
0
0
0
0
0
0
0
0
0
0
0
0
0
0
0
0
0
0
0
0
0
0
0
0
0
0
0
0
0
0
0
0
0
0
0
0
0
0
0
0
0
0
0
0
0
0
0
0
0
0
0
0
0
0
0
0
0
0
0
0
0
0
0
0
0
0
0
0
0
0
0
0
0
0
0
0
0
0
0
0
0
0
0
0
0
0
0
0
0
0
0
0
0
0
0
0
0
0
0
0
0
0
0
0
0
0
0
0
0
0
0
0
0
0
0
0
0
0
0
0
0
0
0
0
0
0
0
0
0
0
0
0
0
0
0
0
0
0
0
0
0
0
0
0
0
0
0
0
0
0
0
0
0
0
0
0
0
0
0
0
0
0
0
0
0
0
0
0
0
0
0
0
0
0
0
0
0
0
0
0
0
0
0
0
0
0
0
0
0
0
0
0
0
0
0
0
0
0
0
0
0
0
0
0
0
0
0
0
0
0
0
0
0
0
0
0
0
0
0
0
0
0
0
0
0
0
0
0
0
0
0
0
0
0
0
0
0
0
0
0
0
0
0
0
0
0
0
0
0
0
0
0
0
0
0
0
0
0
0
0
0
0
0
0
0
0
0
0
0
0
0
0
0
0
0
0
0
0
0
0
0
0
0
0
0
0
0
0
0
0
0
0
0
0
0
0
0
0
0
0
0
0
0
0
0
0
0
0
0
0
0
0
0
0
0
0
0
0
0
0
0
0
0
0
0
0
0
0
0
0
0
0
0
0
0
0
0
0
0
0
0
0
0
0
0
0
0
0
0
0
0
0
0
0
0
0
0
0
0
0
0
0
0
0
0
0
0
0
0
0
0
0
0
0
0
0
0
0
0
0
0
0
0
0
0
0
0
0
0
0
0
0
0
0
0
0
0
0
0
0
0
0
0
0
0
0
0
0
0
0
0
0
0
0
0
0
0
0
0
0
0
0
0
0
0
0
0
0
0
0
0
0
0
0
0
0
0
0
0
0
0
0
0
0
0
0
0
0
0
0
0
0
0
0
0
0
0
0
0
0
0
0
0
0
0
0
0
0
0
0
