0
44065
115231
165654
414610
582200
873148
1183201
1527077
1772084
2024454
2363547
2673189
2936655
3458179
3886054
4083528
4513277
4953038
5654334
6472367
6907243
7442805
8133969
9037591
9681493
11214795
12286372
12958640
14109165
14917175
15980606
16607928
17186244
18454521
18923794
19549663
20512809
21127391
21842202
22740218
23418883
24177954
25264701
26247581
26683041
28089412
29292081
29832255
30579790
32380913
33215494
34041833
34623283
35594464
36253857
37449200
38683324
39952299
40838827
42362682
42896665
43914781
44925902
45958886
46845283
48049491
49032401
50060374
50603331
51586784
52225859
52822340
53742672
54430062
55305076
56540160
57567965
58878545
60006075
60624969
61341761
62976026
64316925
64721405
66243600
67127681
68088048
68859440
69925288
70526661
71169387
72343890
73558257
74285381
75432690
76328341
77033354
78207030
79032681
80143233
80985208
81812302
82345746
83228305
84577762
85877163
87068084
88714080
91258574
93142491
94102758
95099878
97236162
98868176
99541393
100783856
101811229
102794651
104366128
106746248
108485799
110343923
111321360
113563199
114966003
116699819
117808080
119363240
120264394
122133641
122841647
123825727
124718574
125841314
127283783
129114489
130669748
131223805
132158290
133415381
134341052
135516652
137309140
137762838
138776644
140839829
141674863
143472066
145000996
145979296
146704141
147426675
148337129
149282889
150655988
151758684
152890230
154217019
155304938
156146293
157312877
158525747
159814397
160927873
162707675
164241451
164860727
165683810
166207079
167077697
167780263
168499709
170303105
171262505
172038700
173396805
174509502
175394841
176176569
177835019
179027988
181235012
183064953
183841472
185037191
185969046
187559234
189001989
190155159
191720143
192449633
194125668
195199852
196068081
199321669
200440307
201011835
201769796
203239948
204230102
205853767
206573569
207398051
208126245
209587924
210890607
212648268
214441745
215611424
216815502
217421557
218949440
220335205
220604933
221220129
221724060
222497679
223258878
225302366
226668119
228809729
229663419
230557374
231847916
233701316
234627462
235972972
237563101
238552060
239662646
241514818
242506687
243954935
245736949
246645652
248006942
249177102
250631263
252727560
253783765
254023680
254524234
256180527
257043043
258927391
260239894
261088120
262033311
262554757
263475195
265349948
265966193
267814395
269057952
270459571
271883433
272265669
273460616
274429215
276134820
277734557
278457567
280037434
280702965
281223505
282323114
283446999
284784920
285798579
286780194
288012131
288551111
290474421
291666704
292337682
293104903
294053600
295004082
295933300
297732023
299277027
299639218
300127091
301471842
301896801
302509244
304787769
306548660
308769542
310153790
311080581
312359390
313039163
313625584
315541915
316325887
317570324
318362130
319358331
320180302
320826218
322888614
323210840
323968356
325191359
326050033
326667562
328017757
328564341
330305253
332480501
333242515
333820275
