NaN
0.0036015882601803653
0.0034573064451129207
0.0030123792455034365
0.003010756102505231
0.0028816686328526704
0.0028162793281017095
0.0028109856971595955
0.0029841844783944334
0.003010426053063396
0.0031099923895884186
0.0033058497702681366
0.003413338419971678
0.0035530426396642636
0.0037843232873503
0.0037716766462328037
0.00394840083017949
0.004174179527987093
0.004261772060067069
0.004273816582423737
0.0043573256608000965
0.0044863486967932015
0.0045667383412810484
0.004733426201309424
0.004823311739019308
0.004884411261203051
0.005071415248592289
0.005157006263495607
0.005308057237458046
0.0053703191311447055
0.005390150486687635
0.005477325426334114
0.0054987973737695645
0.0055845536466159725
0.005697945740111979
0.005714490524924709
0.005775903369538037
0.005854272536134158
0.005962336575016157
0.006003337750904992
0.006050429548993345
0.00615121620066893
0.006257169720608483
0.006300051094170454
0.006393599084593378
0.006514165706804126
0.006595660249247454
0.0066669956135985385
0.0068132736619326215
0.006897497798315675
0.006987083545550083
0.007077555709889933
0.007186024450715748
0.007232132334044673
0.007248237396957623
0.007344559705012959
0.007402258352103524
0.007459257691844931
0.007533958208842162
0.007595664167777518
0.007588435637480497
0.0076594045844259745
0.007699398306573752
0.007758654550937058
0.007781110506379734
0.007835289264018571
0.007933068377854067
0.008011815970395459
0.0080918580807761
0.008116519437445773
0.008162665791015707
0.008252450410724416
0.008341796426078508
0.008440987250026146
0.008492023813422674
0.00851630115754215
0.008620733160990664
0.008651691610874278
0.008730535546677918
0.008762749565273424
0.008813800630991955
0.008830138551485688
0.008947934492355342
0.008987808703411974
0.009033475919362698
0.009062703673660542
0.00912271510890188
0.009163340366348303
0.009198298393986658
0.009188471587622293
0.00921201462461281
0.00927904910692392
0.009334517523458284
0.009413705303878216
0.009471628986091685
0.009461015357850816
0.009521129737844755
0.009550142617571178
0.009539505621627366
0.009535026473019816
0.009540575337471704
0.00956511551057327
0.00958238399942114
0.009607212928103449
0.00965102281660547
0.009702281705604818
0.009725520027955046
0.009794125178035377
0.009834131678223787
0.009851886478012143
0.009897365035179283
0.009891887849282209
0.009900121990969119
0.009883539710367664
0.009873589697716349
0.009862208647511325
0.009914087162876688
0.00993727641055177
0.009990064800223027
0.00999091559804936
0.010004227483500392
0.010023649041646331
0.01004273664587506
0.010073487657410849
0.010086575399488954
0.01009345598403952
0.010129877908783513
0.010142583664494347
0.010198468852714675
0.010178358972323729
0.010206694066705768
0.010216603157748283
0.010232714394843901
0.010270235691173019
0.010258239293716664
0.010265397715005193
0.010271158025013395
0.010328614641987513
0.010359474911188058
0.010363183166697047
0.01037950707924077
0.01041018055085235
0.010416844349045962
0.010429619706881802
0.010467747450397117
0.010478264752113378
0.01052021474451112
0.01054346505491898
0.010547147472177663
0.010540120033131152
0.010578461322828072
0.01058442046345617
0.010574060537275701
0.010568943763475705
0.010572051365416188
0.010563257354948835
0.01058497079606373
0.010593859782830974
0.010595953733728725
0.010629671178904208
0.010653067430471883
0.010661926526234614
0.010674312216174505
0.010667345763333102
0.01067811453272435
0.010662358528127048
0.010681878255483414
0.010688062221558423
0.01068911112991229
0.010746049938532025
0.010747982516706354
0.010743466338885583
0.010762482493649415
0.010796603721435235
0.01078032730970942
0.01081326877378798
0.010801325429151108
0.010844026948025649
0.010851416045878954
0.010857812510032571
0.010870323936409687
0.01088819900154776
0.01087628204011366
0.010896781589874428
0.010906328260458046
0.01092469086524776
0.01095150680035812
0.010942872832362878
0.0109559883594764
0.010984293206958191
0.010991358120134612
0.010979469444527453
0.011006302796077037
0.01099152128550508
0.011004348419638122
0.011007949840776398
0.010999307380708614
0.011024098649189256
0.011049159935606604
0.011050384319446705
0.01105716287540287
0.011060078659929062
0.011067397198139156
0.011073021078483118
0.01109834884397949
0.01107396249493495
0.011097491094114224
0.011123285887575258
0.011129979719309326
0.011133555862868776
0.011134079726134094
0.01115082482696966
0.011163197599893392
0.011167599808182174
0.011154932411543238
0.011153045348854262
0.011169183911977252
0.011183045269480338
0.01118256311324474
0.011175585867422112
0.011193357459874782
0.011207097307384303
0.01121440785269863
0.011224338404773377
0.011216794618842542
0.011216719581537492
0.011224506098662459
0.011230825926171537
0.011227258809074403
0.011225943570980161
0.011244488032437718
0.011253113476276423
0.011259641597077957
0.011272961222317286
0.011271791433108724
0.011275555730509867
0.011286557689005858
0.011300745215599907
0.011310485978744766
0.01130914588399956
0.011316984619950341
0.011340136395283152
0.011352955422656
0.0113435580662096
0.011345195710334476
0.011361720061407845
0.01136486392435091
0.011384853516454347
0.011389222723169674
0.011398965484351011
0.011389720548378631
0.011399578190596208
0.011397427110591357
0.011407570324464439
0.011411699699754037
0.011405768536884306
0.011403800852935247
0.011402451146259592
0.0113996308313001
0.01141242280211512
0.011411803294280227
0.011428828302513551
0.011417411780011886
0.011417719182094537
0.011422817036577309
0.011423332547919666
0.011442728103971686
0.01144264100552701
0.011474117478309972
0.01146795649955074
0.011474729124839763
0.011459694973914386
0.011465070898248636
0.01147129630692785
0.011467266753137403
0.011479275359032334
0.011479308410785361
0.011480577589249372
0.011474758212821786
0.011483235253419944
0.011496671802122597
0.011505606378443141
0.011507071891666146
0.011508362063523554
0.011518267221502794
0.011521661956151683
0.011533956067136607
0.011544269920381912
0.011542945576282005
0.011553232993467482
0.011546510572346774
0.011561558249488277
0.011569554844698687
0.011579733480333348
0.011582544830610405
0.011580243800826619
0.011580002696946479
0.011582558395397242
0.011578022608815504
0.011577542502402796
0.011583404007842354
0.011604507677636792
0.011616037752505422
0.011638692060103116
0.011648328200209893
0.011679609305026897
0.011701651626804777
0.011733412999643521
0.01175971919398238
0.011794286298653624
0.011821111519425097
0.011850847623577358
0.01187666707718186
0.011909065269397901
0.011938306348105247
NaN
NaN
NaN
NaN
NaN
NaN
NaN
NaN
NaN
NaN
NaN
NaN
NaN
NaN
NaN
NaN
NaN
NaN
NaN
NaN
NaN
NaN
NaN
NaN
NaN
NaN
NaN
NaN
NaN
NaN
NaN
NaN
NaN
NaN
NaN
NaN
NaN
NaN
NaN
NaN
NaN
NaN
NaN
NaN
NaN
NaN
NaN
NaN
NaN
NaN
NaN
NaN
NaN
NaN
NaN
NaN
NaN
NaN
NaN
NaN
NaN
NaN
NaN
NaN
NaN
NaN
NaN
NaN
NaN
NaN
NaN
NaN
NaN
NaN
NaN
NaN
NaN
NaN
NaN
NaN
NaN
NaN
NaN
NaN
NaN
NaN
NaN
NaN
NaN
NaN
NaN
NaN
NaN
NaN
NaN
NaN
NaN
NaN
NaN
NaN
NaN
NaN
NaN
NaN
NaN
NaN
NaN
NaN
NaN
NaN
NaN
NaN
NaN
NaN
NaN
NaN
NaN
NaN
NaN
NaN
NaN
NaN
NaN
NaN
NaN
NaN
NaN
NaN
NaN
NaN
NaN
NaN
NaN
NaN
NaN
NaN
NaN
NaN
NaN
NaN
NaN
NaN
NaN
NaN
NaN
NaN
NaN
NaN
NaN
NaN
NaN
NaN
NaN
NaN
NaN
NaN
NaN
NaN
NaN
NaN
NaN
NaN
NaN
NaN
NaN
NaN
NaN
NaN
NaN
NaN
NaN
NaN
NaN
NaN
NaN
NaN
NaN
NaN
NaN
NaN
NaN
NaN
NaN
NaN
NaN
NaN
NaN
NaN
NaN
NaN
NaN
NaN
NaN
NaN
NaN
NaN
NaN
NaN
NaN
NaN
NaN
NaN
NaN
NaN
NaN
NaN
NaN
NaN
NaN
NaN
NaN
NaN
NaN
NaN
NaN
NaN
NaN
NaN
NaN
NaN
NaN
NaN
NaN
NaN
NaN
NaN
NaN
NaN
NaN
NaN
NaN
NaN
NaN
NaN
NaN
NaN
NaN
NaN
NaN
NaN
NaN
NaN
NaN
NaN
NaN
NaN
NaN
NaN
NaN
NaN
NaN
NaN
NaN
NaN
NaN
NaN
NaN
NaN
NaN
NaN
NaN
NaN
NaN
NaN
NaN
NaN
NaN
NaN
NaN
NaN
NaN
NaN
NaN
NaN
NaN
NaN
NaN
NaN
NaN
NaN
NaN
NaN
NaN
NaN
NaN
NaN
NaN
NaN
NaN
NaN
NaN
NaN
NaN
NaN
NaN
NaN
NaN
NaN
NaN
NaN
NaN
NaN
NaN
NaN
NaN
NaN
NaN
NaN
NaN
NaN
NaN
NaN
NaN
NaN
NaN
NaN
NaN
NaN
NaN
NaN
NaN
NaN
NaN
NaN
NaN
NaN
NaN
NaN
NaN
NaN
NaN
NaN
NaN
NaN
NaN
NaN
NaN
NaN
NaN
NaN
NaN
NaN
NaN
NaN
NaN
NaN
NaN
NaN
NaN
NaN
NaN
NaN
NaN
NaN
NaN
NaN
NaN
NaN
NaN
NaN
NaN
NaN
NaN
NaN
NaN
NaN
NaN
NaN
NaN
NaN
NaN
NaN
NaN
NaN
NaN
NaN
NaN
NaN
NaN
NaN
NaN
NaN
NaN
NaN
NaN
NaN
NaN
NaN
NaN
NaN
NaN
NaN
NaN
NaN
NaN
NaN
NaN
NaN
NaN
NaN
NaN
NaN
NaN
NaN
NaN
NaN
NaN
NaN
NaN
NaN
NaN
NaN
NaN
NaN
NaN
NaN
NaN
NaN
NaN
NaN
NaN
NaN
NaN
NaN
NaN
NaN
NaN
NaN
NaN
NaN
NaN
NaN
NaN
NaN
NaN
NaN
NaN
NaN
NaN
NaN
NaN
NaN
NaN
NaN
NaN
NaN
NaN
NaN
NaN
NaN
NaN
NaN
NaN
NaN
NaN
NaN
NaN
NaN
NaN
NaN
NaN
NaN
NaN
NaN
NaN
NaN
NaN
NaN
NaN
NaN
NaN
NaN
NaN
NaN
NaN
NaN
NaN
NaN
NaN
NaN
NaN
NaN
NaN
NaN
NaN
NaN
NaN
NaN
NaN
NaN
NaN
NaN
NaN
