0
60949
169498
320360
521138
856623
1130155
1476205
1823372
2139356
2501225
2811742
3543493
4272879
5027937
5515094
6142190
6629199
7550116
8358875
9062105
9570363
10331395
10982974
11441729
12811236
13662529
14319160
15684182
16574092
17499978
18917732
20024439
20826739
22389298
23177253
24439716
25062537
26302541
27053526
28091102
28939407
29960399
31101842
31997022
33117778
34512275
36674127
38295396
39793417
41047061
42026675
43136669
43899655
44776041
46030268
46946598
47908798
49567161
50815411
52543370
53470268
55575409
56853780
57816961
59302015
61382066
62519295
64370112
65685004
67028090
68590115
69980392
71893140
73112981
74788364
75760127
76794983
78879522
80320854
81447048
83225155
84598171
85888236
86913924
87965897
89368578
91018236
91967519
93241707
94665447
96761498
98459024
100570888
101517490
101944050
103597750
105625939
107729736
108880553
111710928
112920706
113832284
115606910
119055448
120836770
121769434
122802281
123851800
124810739
126746564
127528620
128873673
130716104
132773749
134513030
135895769
136964059
138311996
139597502
141486105
142958950
144660219
147564458
149429831
150853393
152476827
153190441
154772016
157505231
158704531
160995840
162100395
162831381
164397582
166715042
168454981
169610461
171109299
173010040
175089148
176831453
178523215
180833446
182449094
184472311
186032100
187762630
190179609
192058801
194387097
195565616
197426613
198495693
200783884
201803150
203511790
205711584
207393575
208959688
210801668
212612014
213579256
215495049
216552365
218212477
219397321
220553362
221431469
222479961
224096689
225865231
227085363
228850733
231529216
232937855
234142183
236438496
237051900
238154404
239305995
240770713
242628189
244618958
245964466
248353530
249496305
250419023
253050779
255183117
256722418
259576345
261044793
263632259
265500997
266772842
267990643
269847154
271679054
272706947
274025786
274616711
276420355
277917630
279544708
280428906
282360714
284175691
286041017
287338835
288514015
289753048
291165208
293167889
295550194
296991742
298861839
301289380
302175506
303165923
305629721
307571851
309639653
311066228
312102533
313854260
314502753
315565836
316726762
317392249
318876616
320723064
322164907
323209847
325309396
326999921
328221554
330659001
332428949
334894460
337639558
340030973
341906330
343845073
346788040
348549770
350320060
351392239
353297748
354429626
357094013
358342122
359444570
360387876
361933754
364009248
364893331
366983533
367843841
370325072
371167453
373432512
374582919
375597300
376712450
378197204
379416069
380520595
382347137
384230781
386562208
387648482
388988289
390538953
391757915
393001824
394275659
395051277
397048117
398143242
400393706
401805938
403433392
404659916
405985706
408259234
409334356
411752084
412740162
414249311
415220247
416802648
418328583
419061305
420872290
422600900
424942493
426146701
428161686
429721479
431037669
432719633
434934755
437221557
438938106
439981121
440970816
441422078
442652582
443461408
444957792
445777860
446952451
448032908
449741601
