0
14
34
64
105
145
208
299
381
485
606
702
808
943
1007
1151
1255
1334
1471
1555
1664
1834
1951
2016
2101
2156
2358
2468
2588
2679
2789
2876
3040
3143
3224
3335
3471
3578
3681
3783
3955
4126
4317
4483
4600
4701
4823
4977
5090
5227
5320
5447
5554
5679
5810
5879
6013
6132
6234
6355
6484
6597
6711
6830
6950
7110
7230
7327
7420
7551
7672
7811
7922
8042
8142
8259
8339
8450
8539
8638
8723
8802
8870
8962
9080
9226
9374
9516
9606
9711
9839
9922
10052
10144
10329
10460
10554
10696
10842
11046
11183
11306
11472
11573
11690
11857
11978
12122
12217
12382
12499
12650
12762
12887
13020
13192
13321
13408
13508
13603
13746
13917
13990
14091
14200
14304
14402
14504
14662
14785
14852
14960
15083
15182
15311
15476
15571
15699
15817
15983
16105
16206
16334
16489
16609
16729
16811
16951
17105
17200
17331
17472
17640
17737
17914
18039
18142
18208
18274
18410
18520
18654
18831
18886
18991
19107
19209
19339
19439
19569
19662
19770
19870
19990
20103
20229
20351
20469
20560
20702
20794
20937
21025
21175
21290
21397
21543
21660
21829
21924
22061
22188
22332
22398
22474
22589
22722
22839
22945
23099
23173
23237
23333
23484
23580
23736
23860
24058
24173
24236
24427
24529
24628
24793
24896
25037
25147
25287
25399
25516
25638
25728
25912
26046
26144
26297
26381
26493
26644
26763
26888
27000
27192
27340
27464
27571
27687
27788
27895
28001
28101
28278
28346
28435
28538
28664
28762
28908
29024
29218
29328
29418
29546
29700
29815
29918
29979
30118
30222
30412
30527
30630
30759
30866
30965
31051
31137
31258
31429
31523
31605
31777
31850
32007
32144
32263
32423
32538
32645
32776
32925
32998
33094
33186
33261
33351
33490
33606
33737
33859
33993
34084
34209
34352
34449
34543
34664
34806
34923
35064
35174
35279
35439
35569
35609
35729
35765
35842
35909
35920
35952
35962
35966
35977
0
0
0
0
0
0
0
0
0
0
0
0
0
0
0
0
0
0
0
0
0
0
0
0
0
0
0
0
0
0
0
0
0
0
0
0
0
0
0
0
0
0
0
0
0
0
0
0
0
0
0
0
0
0
0
0
0
0
0
0
0
0
0
0
0
0
0
0
0
0
0
0
0
0
0
0
0
0
0
0
0
0
0
0
0
0
0
0
0
0
0
0
0
0
0
0
0
0
0
0
0
0
0
0
0
0
0
0
0
0
0
0
0
0
0
0
0
0
0
0
0
0
0
0
0
0
0
0
0
0
0
0
0
0
0
0
0
0
0
0
0
0
0
0
0
0
0
0
0
0
0
0
0
0
0
0
0
0
0
0
0
0
0
0
0
0
0
0
0
0
0
0
0
0
0
0
0
0
0
0
0
0
0
0
0
0
0
0
0
0
0
0
0
0
0
0
0
0
0
0
0
0
0
0
0
0
0
0
0
0
0
0
0
0
0
0
0
0
0
0
0
0
0
0
0
0
0
0
0
0
0
0
0
0
0
0
0
0
0
0
0
0
0
0
0
0
0
0
0
0
0
0
0
0
0
0
0
0
0
0
0
0
0
0
0
0
0
0
0
0
0
0
0
0
0
0
0
0
0
0
0
0
0
0
0
0
0
0
0
0
0
0
0
0
0
0
0
0
0
0
0
0
0
0
0
0
0
0
0
0
0
0
0
0
0
0
0
0
0
0
0
0
0
0
0
0
0
0
0
0
0
0
0
0
0
0
0
0
0
0
0
0
0
0
0
0
0
0
0
0
0
0
0
0
0
0
0
0
0
0
0
0
0
0
0
0
0
0
0
0
0
0
0
0
0
0
0
0
0
0
0
0
0
0
0
0
0
0
0
0
0
0
0
0
0
0
0
0
0
0
0
0
0
0
0
0
0
0
0
0
0
0
0
0
0
0
0
0
0
0
0
0
0
0
0
0
0
0
0
0
0
0
0
0
0
0
0
0
0
0
0
0
0
0
0
0
0
0
0
0
0
0
0
0
0
0
0
0
0
0
0
0
0
0
0
0
0
0
0
0
0
0
0
0
0
0
0
0
0
0
0
0
0
