NaN
0.0061243703351418505
0.0050566759908310666
0.00574768741821457
0.004688406375059624
0.0054228968234367484
0.004749848543404639
0.004323571138992424
0.004102176813155147
0.004005436737719921
0.004064608034477792
0.004318454009376755
0.004367238408632401
0.004439688934251136
0.004518060460189669
0.004526835969110047
0.004719851546877957
0.0051047578916555165
0.005403413715553641
0.005448005324890541
0.005512988233153075
0.005462404075587547
0.005531320864779933
0.005690952003442104
0.005855178742037982
0.005871410775711359
0.005690446744037669
0.005843795837329655
0.00590073957566619
0.006185893041445052
0.006126576994654786
0.006144057806796329
0.0062151452179771355
0.006194055058217641
0.006067424738236407
0.006098267456381135
0.006285240597106358
0.006389059648081549
0.006556804055404276
0.006591081503843221
0.0065629114278325466
0.006675004019581377
0.006643579804316285
0.0068754973292275
0.006821823442104938
0.006840611654970804
0.0070319345127890795
0.007156189636029163
0.007281836170260352
0.007406117830204425
0.007602096789897625
0.007620220419080143
0.007615240711929779
0.007652854440158508
0.007766986832004341
0.007801955681807722
0.0078242204594204
0.007810225502537075
0.007953493035995348
0.008187190455849614
0.008135977039022853
0.008327767092660063
0.008428217305562405
0.00842919259530288
0.008435540693958113
0.008387923464677101
0.008405650867690982
0.008564412401263082
0.008623744070344925
0.00872920084122885
0.008784604003103656
0.008822980173835454
0.008855665010390429
0.008857129334834507
0.008791529914876774
0.008854266672932926
0.008847364344989584
0.008977440727038998
0.009008579827833079
0.009011035095352053
0.008976058420644075
0.009080887337714833
0.009104734357606207
0.009147117351767478
0.009215594784822949
0.009195966843352584
0.00922016691950181
0.009171912306921359
0.009340443787206044
0.009263216918894606
0.009357913433753954
0.009519170611251718
0.009444105744336856
0.00948298035078935
0.009465673188259709
0.009583470892622972
0.009668361212364893
0.009661475883366934
0.009664871069348862
0.00955059348532132
0.009512373408093345
0.009606321082427458
0.009651603258327333
0.009644593313809664
0.009653529823636126
0.00972411946893401
0.009748121808820055
0.009867151513820492
0.009940599652233734
0.009888546324235865
0.009916170199161948
0.00997986958507683
0.010081222313763485
0.010157527811622774
0.01008970475788234
0.01016670390618591
0.010266178605155033
0.010345473058923036
0.010400470422300344
0.010390564595237054
0.010346501634662246
0.010366573417940539
0.010432337702944435
0.010535581289121021
0.0105713293761729
0.010548088913355845
0.010554125070137121
0.010542164199269038
0.010612858366190215
0.010599932277241481
0.010634356950324672
0.010658919459721852
0.010711918637158216
0.010743591945275757
0.010689850938761411
0.010658276973327743
0.010643174005564351
0.010633081220330166
0.010735374624813165
0.010744971617454496
0.010693086825473302
0.010689684322666882
0.010687396724182204
0.010800557937643056
0.010843540655510735
0.010844616543264123
0.01083461699959114
0.010850476024196613
0.010926057288375568
0.01096201726154613
0.011044681826126728
0.010979447714217926
0.010937257476764203
0.011005236417715702
0.010947400748817398
0.010956760592382484
0.010972781057695644
0.011029889347084251
0.011027741252433096
0.011078568924733367
0.011090987147078566
0.011072007956857156
0.011134433487787048
0.011148021442565702
0.011196668727968161
0.01113383998738963
0.011092052785178202
0.011100911132634545
0.011108565836192805
0.011102247148242183
0.011066769128787735
0.011041582425917223
0.011042896625321874
0.01101326385067883
0.011050465784954038
0.011056721039220252
0.011014878511674524
0.01103654999798195
0.011037162148664457
0.01098956295162766
0.011032503899791452
0.011007254484294897
0.010994452869476139
0.011024627322773182
0.011056322506672931
0.011129272975582936
0.011139918948223443
0.011119447096455251
0.01115937473272137
0.011185560773895762
0.011248583896217712
0.011266738656268174
0.011240253989562217
0.011261153515036822
0.011256825329170567
0.011210103976243148
0.0112127950781052
0.011194000996285484
0.0111913761435104
0.011184011298101032
0.01119441315402564
0.011214349277298996
0.011208456358608981
0.011248374104114276
0.011265975247250365
0.011251886639530622
0.011257419192262938
0.011225525170889237
0.011221438339945643
0.011200827695509504
0.011204288777934581
0.011186548270882156
0.011167889958791486
0.011161373859842116
0.01114679239899851
0.011164491186234178
0.01116699971854304
0.011156466645899778
0.011167392344217873
0.011157963537988704
0.01115594160157063
0.011165149871377197
0.011196578746888175
0.01120703372814147
0.011197855593972458
0.011215645733190406
0.01125194464493587
0.011292115397195173
0.011272930960020217
0.011255617476251468
0.011345190707762352
0.011353476361744183
0.01137300642377153
0.011364729159305541
0.01136837104056894
0.011380556867072714
0.011385896756755953
0.011391752260854081
0.011371145711716135
0.011385737939677376
0.01139112486357134
0.011385989192898203
0.011423003020503973
0.011427686250689928
0.011481525751981825
0.011486550653475733
0.011453196571254444
0.011461825290690102
0.011476348316971162
0.01157984339804831
0.011569640752771511
0.011566042147527964
0.011591348214278074
0.011621478078078127
0.01159939623543214
0.011620237296958687
0.011643648732254475
0.011641497601558819
0.011668292983260418
0.011649754048067883
0.011657664840166806
0.011661533908481304
0.0116607999043423
0.011657339907566176
0.011647001796467452
0.011629661585809501
0.01163492356273479
0.011654475992523537
0.011631815664211585
0.011630967072515151
0.011629069259425253
0.011595518613740476
0.011638913654602184
0.0116407743159439
0.011639352310248027
0.01165674065028433
0.01167973296739674
0.011715974249527078
0.011696366817672048
0.011671389796038541
0.011689666164014007
0.011708893353605842
0.01170822474512822
0.011744915762791096
0.011746920039341408
0.011726180479907214
0.011773609949906479
0.011750299502441004
0.011756533478518285
0.011753623879854791
0.011733401989093296
0.01173015826016192
0.01171964406265562
0.011699180335092258
0.011706484650756402
0.011675566668782672
0.011663612898578762
0.01168253222175923
0.011664074013306045
0.01167969193069622
0.011655953641015652
0.011629389878849244
0.011632497758382848
0.011633226093105712
0.011668801079345311
0.01165707837616691
0.011668778957922002
0.011744508093445308
0.011736188290743644
0.01174575327442298
0.011749242683981077
0.011771939598080606
0.011784872286956105
0.011790936450799755
0.01182353890533647
0.011823774139997932
0.011842039088613315
0.011857023192996143
0.011863209781302201
0.011858128732677404
0.011846953973242424
0.011843665164213528
0.011894514361141046
0.011898648823753695
0.011888168404267579
0.011908313931706544
0.01189005553880087
0.011907508880375495
0.011909895387417444
0.0119460490093981
0.011923632395981482
0.011919606583083804
0.011925178839149887
0.011955969503969606
0.011963531571765737
0.011950107569341449
0.011947117689684986
0.011985587738267868
0.012008232742303046
0.012030714976903174
0.012052398177376022
0.01205444965782164
0.012067790246802407
0.012065509533965365
0.012080942319001201
0.0120994943419334
0.012083835622607217
0.012079194392996366
0.012072628705744113
0.01207120685485211
0.012084126824684422
0.012088542957707431
0.012073707879566496
0.012060372627925104
0.012063612258505519
0.012066483149292396
0.01205285453861057
0.012033022227491412
0.012036646414218163
0.012051056701371498
0.012023211068133081
0.01200740254751431
0.01200931694662088
0.012032797008231946
0.012017770278303542
0.012024271558744465
0.012014835076222204
0.012057691443857273
0.012056418882869433
0.012042711145173446
0.012020782606253435
0.012019748664260197
0.01201206194559557
0.011996634871232448
0.012005508392792776
0.011994248067082203
0.01200397404167742
0.012010415874176865
0.011989112880896597
0.011979484531392453
0.011967611053621086
0.011951359562972467
0.011964650268034904
0.011982398856381504
0.011968798563585995
0.011975031866027133
0.011971537370924566
0.01197995163801796
0.012022842019439062
0.012008878980556534
0.01202898523505583
0.012040428406744757
0.012048082307725461
0.012037822768798584
0.012023014246316292
0.012018433479310506
0.01201384446593834
0.01205602402583388
0.012081244815902689
0.012098274065179052
0.012109206484304944
0.012108460284503684
0.0120862829929448
0.012070071970080174
0.012085968230174252
0.012093222994781026
0.012113953646562266
0.012121154860699975
0.012101891943872036
0.012109385219552909
0.012118519641597455
0.012130101084894573
0.01212105845683706
0.012107768480975957
0.012096702113349856
0.012100809979702436
0.012088216439264934
0.012103173836558623
0.0120981698455605
0.012077584864624976
0.012098365336314944
0.012115554496309106
0.012147364566187363
0.012150582493796814
0.012160454540679004
0.012166656516013959
0.012164358872258575
0.01216170448049221
0.012183943002622299
0.012177197415445496
0.012183255162100396
0.01220738056418874
0.012184318904389193
0.012183602772359137
0.012204488242093746
0.01218813762828907
0.012206247306787895
0.012250840020188631
0.012253757259660302
0.012247657435814468
0.012253871280990484
0.012240224766335007
0.012243054236612495
0.012255596583411016
0.012258350968716407
0.012279024131180896
0.012278263746047857
0.012286170181828255
0.01227143958204606
0.012259715817246636
0.012244167184225897
0.012230722972305349
0.012227822833582747
0.012213685323765515
0.012216182658781294
0.012231566785246352
0.01222429008594554
0.012245967140937461
0.012242358740416416
0.012241312548285609
0.012245910889188206
0.012234080488970416
0.012238108665337335
0.012242867498586182
0.0122339622464881
0.012236198872864241
0.012229420525880488
0.012214672737440181
0.012232938667995453
0.012236419271334764
0.012216889829238891
0.012215695949641586
0.01220552691681449
0.01219888172604892
0.012221676808393271
0.012219840135740186
0.012217506349002472
0.012219333812212614
0.012219678281598199
0.01221248599236595
0.01221782447538706
0.012214706298920094
0.01219785423005943
0.0122183558381916
0.0122295025120749
0.012228226269863364
0.01224486020074157
0.012253038076447979
0.012245931529396972
0.01223464894658686
0.01222014288726891
0.012222590371468172
0.01222636107878523
0.012236729610227306
0.012219946514016481
0.01222894398263208
0.012246427855466584
0.012229553622218624
0.012215361890418856
0.012209430749464357
0.012211077688687035
0.012191431070603874
0.01220695008377096
0.012217186896241433
0.012225404576606458
0.012229139788556664
0.012222451068654164
0.012227893715528524
0.012237628854796333
0.012272823598880309
0.012276812825047563
0.01226549821569131
0.01226591971061859
0.012269925033612768
0.01226334718197387
0.012262733593131216
0.012253250173676102
0.012271630601051142
0.012262765055295537
0.012272323836819494
0.012286352722322537
0.012284266164051219
0.012271237333906136
0.01227226512245688
0.012273842680869862
0.012254597634587092
0.012266688300099577
0.012297778169888066
0.01228826838730092
0.012289775391363228
0.012289038572203813
0.012293311929174832
0.01226832758383895
0.012258709424364831
0.012266943044257897
0.012273133284143492
0.012292329856296877
0.012288166226509255
0.012269696046158888
0.012267563967655286
0.01225643201406303
0.01225143688400655
0.01225971401183616
0.012261727580137376
0.012253425145504359
0.0122599235770412
0.01226248597776771
0.012263843653251859
0.012283228679901627
0.012285240166718978
0.012285847443215852
0.012288076121695515
0.012281167173281513
0.01228298090506408
0.012269816571146962
0.012273081348009956
0.012271824252597992
0.012270878146570565
0.012268569499253566
0.012257255536314071
0.01224439354581382
0.012238881352466324
0.01222146951432213
0.012232183540219557
0.012215870837092552
0.012209111710358763
0.012234798480919792
0.012245942002800488
0.012251867459585003
0.012253897871354792
0.012254965690875572
0.012255997192717482
0.012243247454370608
0.012241420904874045
0.012225315801750316
0.012250584935030931
0.012244261451805079
0.01225173085934472
0.01224810203825433
0.012238830880646657
0.012242674636585467
0.01223851983138657
0.012254815248745573
0.012243958792365497
0.012262109374170611
0.012274817903904178
0.012269831655995503
0.012257899813863129
0.012263479279060033
0.012264365425098515
0.012273172771936498
0.012262842453148239
0.012260940232440102
0.012273432496363729
0.012260123046129568
0.01226233450283912
0.012271127846245327
0.012291433548089942
0.012297295180307522
0.012310435937174277
0.012320184618854242
0.01234129141169592
0.0123271277765706
0.012325112577280374
0.0123128452180246
0.01231136172829022
0.012339222695378262
0.012338248995356325
0.012357916327006849
0.012361580898007554
0.012354327349114453
0.012343415656124438
0.012340526145808783
0.01234929879056887
0.012350765532937581
0.012355966663999756
0.012348632212799148
0.01236574452498169
0.01236111373057122
0.012379582307886062
0.012394425869673716
0.012385617072122821
0.01239439664337629
0.012384649005077457
0.01237039870205862
0.01237028092071033
0.012381627841073016
0.012371215430162978
0.012370780845813676
0.012368591781167983
0.012365255192981593
0.012368168534276911
0.01235804417824881
0.012352309826638071
0.012339321193522709
0.012349197795840396
0.012335911943741685
0.012342961325692231
0.012343430883867822
0.012349518963753818
0.012357492136790918
0.012368862225085962
0.012371980667251316
0.012391124396445283
0.01239721463985331
0.012405198084343828
0.012422115890968286
0.012428788987723009
0.01242610976515339
0.012427552810323294
0.012426229780453034
0.012415955464537734
0.012435069176809711
0.012431445693053048
0.012434703150238363
0.012437579774268175
0.012435469936452183
0.012429693798460678
0.012432054085132968
0.012428505071416261
0.012443381123165679
0.012438698569909494
0.012432688444197083
0.01242160169194435
0.012424748925683586
0.012431280216137347
0.012424917605536564
0.012418666736910037
0.012412266865247355
0.012408647503301755
0.01243078250538306
0.012434643703643295
0.012442886838931461
0.012438023725009021
0.012435809711644373
0.012437949508072936
0.01243309040430846
0.012444174835725077
0.012439037524702509
0.01245458721197324
0.012447433142523653
0.012446161903635454
0.012441074574401466
0.012438881267481331
0.012425330651048793
0.012420273954229427
0.01241669955122437
0.012404242322119808
0.012390482953379712
0.012396594525088634
0.012395408322900675
0.012399915519812458
0.012390221616532885
0.012392740943091183
0.012381283921540111
0.012383101482700009
0.012379267543611685
0.012401167676489005
0.012390400714431201
0.012387615613557163
0.012392542261408016
0.012394974458937617
0.012385304994366438
0.012372286658347215
0.01237588442596622
0.012368702326990867
0.012373812031471525
0.012371408901090914
0.012383187920818182
0.012370895304740625
0.01236430493133603
0.012365397233825353
0.01238462982596243
0.012377628906580005
0.01239155218050316
0.012385768292164246
0.012382290202968138
0.012391278874763009
