NaN
0.0035528963052435312
0.003051500890195777
0.0028844840380846705
0.0028996395941688216
0.002664911370461427
0.0027953965197316214
0.002692525467347692
0.0028160413394022004
0.0029687967716547944
0.0031430625181119516
0.003345691584766385
0.003518080139060642
0.0036173524960297168
0.003740130289128202
0.0038555074331883526
0.003955291417025506
0.004053743700729017
0.004212775310833882
0.004278821683398419
0.004361493774915391
0.004512559712115712
0.004602704791716985
0.00466806388876351
0.00478489712590783
0.004911084378959229
0.00499921381252235
0.00518803911159071
0.005238291755877581
0.005393619782859685
0.005521619513442363
0.005555878421468985
0.005611342308594908
0.005663903423937424
0.0056998340009900995
0.0057685811061382545
0.005864597474969016
0.005937203149244688
0.005965555828783752
0.006100900196649436
0.00616570021828882
0.006302487519319264
0.006356973117570306
0.006458418418010556
0.006567644731021651
0.006611839679777652
0.006666582397389645
0.006814859403827129
0.00689204003061425
0.006978391574339648
0.00703403473790354
0.007097892293977907
0.007205327284348814
0.007251359827420633
0.007323678171797037
0.007377534173949849
0.007472314460680733
0.007516512112359087
0.007611270862787981
0.007655153677263363
0.007728091124369034
0.00784661252433848
0.007906282853725327
0.007944308201767728
0.007972853687654137
0.008069087805383304
0.00815044080526641
0.008225169226577869
0.008280473540334718
0.008329004741471828
0.008380973679650764
0.00840711391375091
0.008469308899668206
0.008549144335821667
0.008545290569308143
0.00856785273656758
0.008619260815589664
0.008639709045589469
0.00866551419715005
0.008683551389590313
0.008743736037909337
0.008787973388419823
0.0088382518274643
0.008857831497631554
0.008876876549622256
0.008935455622887778
0.008975686493460757
0.009040702537626828
0.009059575511688622
0.009133165923724951
0.009166637759215527
0.00915135186781038
0.009164018766123196
0.00919251411679787
0.009192591528613169
0.009201112575261584
0.009213953012422336
0.009221601964635574
0.0092583599455683
0.009296802453904848
0.009317122430188545
0.009316785932936096
0.009351939454008333
0.009384382239049282
0.009394867985929777
0.009392563889591697
0.00942643835043824
0.009427182065884524
0.009437123819433908
0.009464100081191416
0.009486839215809605
0.009539909789294195
0.009589145850562586
0.009649784651880806
0.009683254907268122
0.009722969271800407
0.009756777617740946
0.009755789114406384
0.009811398956766205
0.009810265581947116
0.009833665602014225
0.009885033498215349
0.009929484701916742
0.009938216855372179
0.009955635894263414
0.009971818283533855
0.01000844277937755
0.010041648837513616
0.010055011350874315
0.010074796814865365
0.01009048358107249
0.01009216453596856
0.01009275585988954
0.01011160893256545
0.010141765626275162
0.010162965634455802
0.010166565934991842
0.010193756646219286
0.010216539325603208
0.010263020809069526
0.010268210625671964
0.010271789841827073
0.01031070004150073
0.010342577740691547
0.010389592351396333
0.010423318619042292
0.010408890434768716
0.01041154318466791
0.010442195929993965
0.010431161743065933
0.010446935196946906
0.010459573904894959
0.010474363232479775
0.010490441809743465
0.010518503135280887
0.01052471918704622
0.01053853401393592
0.010565383559415364
0.010587926831243048
0.010602999137097157
0.010610342661229961
0.01061222967770637
0.01062104775756199
0.010653978121859298
0.010671906001082703
0.01067585082509147
0.010679715462133357
0.010676112137177467
0.01065782170122549
0.01071553060559804
0.010716551784311064
0.010725872135915705
0.010729998074326256
0.010780273807970591
0.010810692074276955
0.010802490941519718
0.010818031270340171
0.010842641938344381
0.010838558725812237
0.01086406185058351
0.010881163102235115
0.010897473538163609
0.010929451391495424
0.010945879475153124
0.010950549670063911
0.010977250839781317
0.011001114702455605
0.011008122273805784
0.011006262844750255
0.010998244209873555
0.010999888945839288
0.011004518107588731
0.011016484613715046
0.01102062689701391
0.011027915070075141
0.011045904466398509
0.011075291787951774
0.011012172431123379
0.010863140759674223
0.010678530433281047
0.010508474742336543
0.010320279295253445
0.010091548958778028
0.009854794406182766
0.009629156265420833
0.009397241669149608
0.009169195497040983
0.00894538285752796
0.008733706357697563
0.00851042936597796
0.008293783399291777
0.008110684624857773
0.007942370701687542
0.007788702703705385
0.0076362697364066884
0.007475094760793002
0.007307496733364412
0.007155271310397472
0.007007917538484374
0.006885102619196865
0.00675264516014328
0.006632247904017768
0.006511698438370774
0.0064046579943331395
0.006285018639785978
0.006172235435399117
0.006054013747912922
0.005948022189240145
0.005812545166704786
0.005680830120429419
0.005562867211586856
0.00543858580953795
0.005313282280610635
0.005203036837491922
0.005101422820076202
0.00499898538236411
0.0048937069715051665
0.004791380114119471
0.0046951740761535295
0.004613350067866942
0.004529173823159844
0.004448256087497951
0.0043584603560063665
0.004281074344420557
0.004203051313891394
0.004131357935867323
0.004056334450235172
0.003983421553687466
0.003910655466569824
0.0038327316797441644
0.0037640555133997373
0.0036959466861622835
0.003631414272667302
0.003566437418862608
0.003503684109529968
0.00344106806929471
0.003378438924893484
0.003326637888743124
0.003272125903039635
0.003224215138043675
0.003177430752242078
0.0031270049057094307
0.0030822352858848115
0.0030327348841543865
0.0029940293660618983
0.0029529257363193465
0.0029125157190363856
0.0028771985167422814
0.0028399439205371788
0.0028027930113121175
0.0027653583943477744
0.0027296255760888314
0.002690561061132839
0.0026529653308448825
0.0026180630902879333
0.0025882689845089443
0.0025575223083733004
0.0025238271269020143
0.002492793823111062
0.0024602729426243947
0.0024270928528910387
0.002395657251837665
0.002365420112956834
0.002337473407004859
0.002309606229713097
0.0022781171095962757
0.002249346657551763
0.0022226124719563387
0.0021959314291062413
0.0021711161551725183
0.0021458621109774244
0.0021229586644119468
0.0020955383165706335
0.0020682050434754455
0.002043094028498416
0.0020194066621876928
0.001994924482832642
0.0019750964179333706
0.00195194762829242
0.0019313319051000723
0.0019093085282675644
0.0018869777306540427
0.0018655792226639361
0.0018448252619760166
0.0018245185158006112
0.0018061455586808556
0.0017863660983050325
0.001769451328766958
0.0017493955774958694
0.0017312790569368232
0.001712179174667959
0.0016955596417119357
0.0016777217591556906
0.0016613280415907355
0.0016462044761413597
NaN
NaN
NaN
NaN
NaN
NaN
NaN
NaN
NaN
NaN
NaN
NaN
NaN
NaN
NaN
NaN
NaN
NaN
NaN
NaN
NaN
NaN
NaN
NaN
NaN
NaN
NaN
NaN
NaN
NaN
NaN
NaN
NaN
NaN
NaN
NaN
NaN
NaN
NaN
NaN
NaN
NaN
NaN
NaN
NaN
NaN
NaN
NaN
NaN
NaN
NaN
NaN
NaN
NaN
NaN
NaN
NaN
NaN
NaN
NaN
NaN
NaN
NaN
NaN
NaN
NaN
NaN
NaN
NaN
NaN
NaN
NaN
NaN
NaN
NaN
NaN
NaN
NaN
NaN
NaN
NaN
NaN
NaN
NaN
NaN
NaN
NaN
NaN
NaN
NaN
NaN
NaN
NaN
NaN
NaN
NaN
NaN
NaN
NaN
NaN
NaN
NaN
NaN
NaN
NaN
NaN
NaN
NaN
NaN
NaN
NaN
NaN
NaN
NaN
NaN
NaN
NaN
NaN
NaN
NaN
NaN
NaN
NaN
NaN
NaN
NaN
NaN
NaN
NaN
NaN
NaN
NaN
NaN
NaN
NaN
NaN
NaN
NaN
NaN
NaN
NaN
NaN
NaN
NaN
NaN
NaN
NaN
NaN
NaN
NaN
NaN
NaN
NaN
NaN
NaN
NaN
NaN
NaN
NaN
NaN
NaN
NaN
NaN
NaN
NaN
NaN
NaN
NaN
NaN
NaN
NaN
NaN
NaN
NaN
NaN
NaN
NaN
NaN
NaN
NaN
NaN
NaN
NaN
NaN
NaN
NaN
NaN
NaN
NaN
NaN
NaN
NaN
NaN
NaN
NaN
NaN
NaN
NaN
NaN
NaN
NaN
NaN
NaN
NaN
NaN
NaN
NaN
NaN
NaN
NaN
NaN
NaN
NaN
NaN
NaN
NaN
NaN
NaN
NaN
NaN
NaN
NaN
NaN
NaN
NaN
NaN
NaN
NaN
NaN
NaN
NaN
NaN
NaN
NaN
NaN
NaN
NaN
NaN
NaN
NaN
NaN
NaN
NaN
NaN
NaN
NaN
NaN
NaN
NaN
NaN
NaN
NaN
NaN
NaN
NaN
NaN
NaN
NaN
NaN
NaN
NaN
NaN
NaN
NaN
NaN
NaN
NaN
NaN
NaN
NaN
NaN
NaN
NaN
NaN
NaN
NaN
NaN
NaN
NaN
NaN
NaN
NaN
NaN
NaN
NaN
NaN
NaN
NaN
NaN
NaN
NaN
NaN
NaN
NaN
NaN
NaN
NaN
NaN
NaN
NaN
NaN
NaN
NaN
NaN
NaN
NaN
NaN
NaN
NaN
NaN
NaN
NaN
NaN
NaN
NaN
NaN
NaN
NaN
NaN
NaN
NaN
NaN
NaN
NaN
NaN
NaN
NaN
NaN
NaN
NaN
NaN
NaN
NaN
NaN
NaN
NaN
NaN
NaN
NaN
NaN
NaN
NaN
NaN
NaN
NaN
NaN
NaN
NaN
NaN
NaN
NaN
NaN
NaN
NaN
NaN
NaN
NaN
NaN
NaN
NaN
NaN
NaN
NaN
NaN
NaN
NaN
NaN
NaN
NaN
NaN
NaN
NaN
NaN
NaN
NaN
NaN
NaN
NaN
NaN
NaN
NaN
NaN
NaN
NaN
NaN
NaN
NaN
NaN
NaN
NaN
NaN
NaN
NaN
NaN
NaN
NaN
NaN
NaN
NaN
NaN
NaN
NaN
NaN
NaN
NaN
NaN
NaN
NaN
NaN
NaN
NaN
NaN
NaN
NaN
NaN
NaN
NaN
NaN
NaN
NaN
NaN
NaN
NaN
NaN
NaN
NaN
NaN
NaN
NaN
NaN
NaN
NaN
NaN
NaN
NaN
NaN
NaN
NaN
NaN
NaN
NaN
NaN
NaN
NaN
NaN
NaN
NaN
NaN
NaN
NaN
NaN
NaN
NaN
NaN
NaN
NaN
NaN
NaN
NaN
NaN
NaN
NaN
NaN
NaN
NaN
NaN
NaN
NaN
NaN
NaN
NaN
NaN
NaN
NaN
NaN
NaN
NaN
NaN
NaN
NaN
NaN
NaN
NaN
NaN
NaN
NaN
NaN
NaN
NaN
NaN
NaN
NaN
NaN
NaN
NaN
NaN
NaN
NaN
NaN
NaN
NaN
NaN
NaN
NaN
NaN
NaN
NaN
NaN
NaN
NaN
NaN
NaN
NaN
NaN
NaN
NaN
NaN
NaN
NaN
NaN
NaN
NaN
NaN
NaN
NaN
NaN
NaN
NaN
