0
116
405
882
1489
2300
3073
4042
4854
5707
6632
7428
8271
9167
10085
10983
11815
12639
13508
14335
15120
15965
16860
17892
18805
19704
20586
21490
22407
23341
24161
25052
25958
26789
27714
28634
29551
30474
31421
32344
33336
34213
35126
36043
36849
37756
38654
39516
40345
41240
42133
43055
43957
44886
45772
46681
47599
48563
49450
50421
51323
52039
52942
53830
54769
55733
56734
57592
58414
59295
60213
61074
61916
62805
63737
64591
65519
66352
67319
68084
68968
69819
70767
71674
72556
73551
74415
75365
76227
77078
77839
78736
79699
80605
81501
82368
83298
84140
85040
86054
87027
87949
88864
89718
90591
91565
92490
93466
94317
95229
96100
97039
98039
98998
99905
100781
101613
102660
103522
104377
105273
106126
106908
107792
108726
109602
110510
111417
112323
113156
114048
114955
115911
116821
117717
118581
119547
120425
121218
122094
123053
123969
124876
125798
126727
127710
128703
129535
130454
131376
132364
133231
134066
134959
135837
136757
137688
138555
139467
140292
141138
142017
142852
143749
144652
145549
146386
147319
148227
149186
150113
151098
152048
152935
153818
154777
155687
156510
157400
158276
159225
160053
160919
161714
162579
163523
164425
165340
166288
167150
168138
169145
169931
170847
171712
172561
173459
173462
173462
173462
173462
173462
173462
173536
173536
173536
173536
173536
173536
173536
173536
173536
173536
173536
173536
173536
173536
173536
173536
173536
173536
173536
173536
173536
173536
173536
173536
174406
174406
174406
174406
174406
174406
174406
174406
174406
174406
174406
174406
174406
174406
174406
174406
174406
174406
174406
174406
174406
174406
174406
174406
174406
174406
174406
174406
174406
174406
174406
174406
174406
174406
174406
174406
174406
174406
174406
174406
174406
174406
174406
174406
174406
174406
174406
174406
174406
174406
174406
174406
174406
174406
174426
174426
174426
174426
174426
174426
174426
174426
174426
174426
174426
174426
174426
174426
174426
174426
174426
174426
174426
174426
174426
174426
174426
174426
174426
174426
174426
174426
174426
174426
174426
174426
174426
174426
0
0
0
0
0
0
0
0
0
0
0
0
0
0
0
0
0
0
0
0
0
0
0
0
0
0
0
0
0
0
0
0
0
0
0
0
0
0
0
0
0
0
0
0
0
0
0
0
0
0
0
0
0
0
0
0
0
0
0
0
0
0
0
0
0
0
0
0
0
0
0
0
0
0
0
0
0
0
0
0
0
0
0
0
0
0
0
0
0
0
0
0
0
0
0
0
0
0
0
0
0
0
0
0
0
0
0
0
0
0
0
0
0
0
0
0
0
0
0
0
0
0
0
0
0
0
0
0
0
0
0
0
0
0
0
0
0
0
0
0
0
0
0
0
0
0
0
0
0
0
0
0
0
0
0
0
0
0
0
0
0
0
0
0
0
0
0
0
0
0
0
0
0
0
0
0
0
0
0
0
0
0
0
0
0
0
0
0
0
0
0
0
0
0
0
0
0
0
0
0
0
0
0
0
0
0
0
0
0
0
0
0
0
0
0
0
0
0
0
0
0
0
0
0
0
0
0
0
0
0
0
0
0
0
0
0
0
0
0
0
0
0
0
0
0
0
0
0
0
0
0
0
0
0
0
0
0
0
0
0
0
0
0
0
0
0
0
0
0
0
0
0
0
0
0
0
0
0
0
0
0
0
0
0
0
0
0
0
0
0
0
0
0
0
0
0
0
0
0
0
0
0
0
0
0
0
0
0
0
0
0
0
0
0
0
0
0
0
0
0
0
0
0
0
0
0
0
0
0
0
0
0
0
0
0
0
0
0
0
0
0
0
0
0
0
0
0
0
0
0
0
0
0
0
0
0
0
0
0
0
0
0
0
0
0
0
0
0
0
0
0
0
0
0
0
0
0
0
0
0
0
0
0
0
0
0
0
0
0
0
0
0
0
0
0
0
0
0
0
0
0
0
0
0
0
0
0
0
0
0
0
0
0
0
0
0
0
0
0
0
0
0
0
0
0
0
0
0
0
0
0
0
0
0
0
0
0
0
0
0
0
0
0
0
0
0
0
0
0
0
0
0
0
0
0
0
0
0
0
0
0
0
0
0
0
0
0
0
0
0
0
0
0
0
0
0
0
0
0
0
0
0
0
0
0
0
0
0
0
0
0
0
0
0
0
0
0
0
0
0
0
0
0
0
0
0
0
0
0
0
0
0
0
0
0
0
0
0
0
0
0
0
0
0
0
0
0
0
