0
78
223
502
867
1402
1896
2477
3036
3600
4283
4826
5356
5905
6544
7163
7744
8256
8881
9442
10040
10643
11254
11778
12337
12904
13488
14121
14725
15394
15955
16496
17109
17703
18347
18981
19601
20131
20658
21204
21792
22299
22905
23462
24130
24735
25375
25997
26647
27270
27909
28448
29009
29590
30187
30812
31380
32013
32649
33259
33830
34369
34950
35483
36039
36601
37315
37930
38549
39225
39821
40452
41077
41760
42361
43005
43605
44153
44805
45412
45957
46464
47002
47577
48188
48849
49519
50137
50719
51283
51833
52393
53005
53642
54330
54957
55522
56111
56704
57267
57899
58560
59238
59768
60287
60839
61413
61996
62583
63147
63687
64276
64974
65629
66230
66815
67305
67897
68504
69111
69712
70262
70865
71490
72193
72893
73484
74061
74675
75333
75908
76443
77074
77657
78217
78787
79431
80043
80617
81204
81870
82363
83035
83692
84352
84945
85502
86066
86625
87219
87810
88359
89001
89583
90126
90694
91349
91919
92577
93235
93895
94528
95115
95725
96286
96908
97511
98115
98705
99364
100030
100656
101226
101781
102357
102951
103483
104012
104655
105204
105838
106476
107085
107647
108251
108835
109480
110105
110681
111294
111883
112451
113131
113640
114223
114922
115624
116243
116835
117376
117923
118542
119146
119694
120300
120898
121483
122067
122698
123328
123946
124552
125077
125643
126281
126898
127507
128115
128665
129167
129797
130421
131024
131638
132346
132904
133523
134067
134658
135277
135853
136430
137028
137655
138263
138855
139482
140094
140732
141380
141962
142537
143159
143814
144434
145042
145609
146144
146779
147428
147979
148550
149083
149675
150290
150830
151407
151920
152443
153009
153675
154332
154961
155562
156116
156683
157335
157983
158535
159141
159744
160368
160955
161581
162203
162757
163394
163988
164551
165165
165826
166429
167027
167610
168228
168894
169595
170164
170756
171334
171871
172456
173087
173660
174276
174961
175534
176123
176698
177254
177829
178386
178852
179161
179427
179648
179767
179856
179911
179940
179959
179969
179984
179995
179999
0
0
0
0
0
0
0
0
0
0
0
0
0
0
0
0
0
0
0
0
0
0
0
0
0
0
0
0
0
0
0
0
0
0
0
0
0
0
0
0
0
0
0
0
0
0
0
0
0
0
0
0
0
0
0
0
0
0
0
0
0
0
0
0
0
0
0
0
0
0
0
0
0
0
0
0
0
0
0
0
0
0
0
0
0
0
0
0
0
0
0
0
0
0
0
0
0
0
0
0
0
0
0
0
0
0
0
0
0
0
0
0
0
0
0
0
0
0
0
0
0
0
0
0
0
0
0
0
0
0
0
0
0
0
0
0
0
0
0
0
0
0
0
0
0
0
0
0
0
0
0
0
0
0
0
0
0
0
0
0
0
0
0
0
0
0
0
0
0
0
0
0
0
0
0
0
0
0
0
0
0
0
0
0
0
0
0
0
0
0
0
0
0
0
0
0
0
0
0
0
0
0
0
0
0
0
0
0
0
0
0
0
0
0
0
0
0
0
0
0
0
0
0
0
0
0
0
0
0
0
0
0
0
0
0
0
0
0
0
0
0
0
0
0
0
0
0
0
0
0
0
0
0
0
0
0
0
0
0
0
0
0
0
0
0
0
0
0
0
0
0
0
0
0
0
0
0
0
0
0
0
0
0
0
0
0
0
0
0
0
0
0
0
0
0
0
0
0
0
0
0
0
0
0
0
0
0
0
0
0
0
0
0
0
0
0
0
0
0
0
0
0
0
0
0
0
0
0
0
0
0
0
0
0
0
0
0
0
0
0
0
0
0
0
0
0
0
0
0
0
0
0
0
0
0
0
0
0
0
0
0
0
0
0
0
0
0
0
0
0
0
0
0
0
0
0
0
0
0
0
0
0
0
0
0
0
0
0
0
0
0
0
0
0
0
0
0
0
0
0
0
0
0
0
0
0
0
0
0
0
0
0
0
0
0
0
0
0
0
0
0
0
0
0
0
0
0
0
0
0
0
0
0
0
0
0
0
0
0
0
0
0
0
0
0
0
0
0
0
0
0
0
0
0
0
0
0
0
0
0
0
0
0
0
0
0
0
0
0
0
0
0
0
0
0
0
0
0
0
0
0
0
0
0
0
0
0
0
0
0
0
0
0
0
0
0
0
0
0
0
0
0
0
0
