0
88028
263306
464150
701656
952577
1351833
1884063
2531232
3075970
3658286
4041016
4795332
5418152
6328546
7157773
7807793
8820692
9750750
10485258
11185825
12234669
13119475
14326457
15772156
17262361
18352713
19302450
20674094
21707619
22924245
24392504
25098046
26532732
27839756
28898817
29895224
31372504
32508051
34129005
35481693
36597701
37687052
39676291
40967734
42657142
43731039
45254450
47074837
48992530
50583345
51934714
53834569
54960900
56019087
57878058
59588390
61025354
61915909
63191595
64888479
67531255
69572612
71611433
72559884
73717615
75581934
77729450
79852592
81790003
84246765
85841820
88506564
91097965
92933782
94280418
95543150
98061587
99103543
100741728
102747079
104462376
107513033
109695478
111514099
113530450
115394958
117032696
118737379
121966881
123286572
124780269
126320132
128210792
130324049
132467847
134316748
136282594
138368237
140364244
142753087
144218399
145861074
148365439
149688183
150960080
153332515
156052016
158115128
159789961
161716079
164075908
165317232
166750326
168061957
170577558
172684996
175355936
177226844
179532241
182709051
184859138
186737325
188643446
190921990
192528964
194262162
196413211
197619791
200154303
202104118
204330635
206013156
207124402
208947807
210486418
212001412
213301478
214380986
216325262
218896608
221673140
223651232
226002688
228527509
230091275
230758692
233401462
236624360
238710479
240308520
242021425
244095379
245276506
247771879
250271819
251774384
253790429
255926081
257931030
259419282
260697793
263020921
264328050
266405823
269304977
270564238
272539109
275876887
278367847
280413420
283307419
284554319
285964295
287201054
289906576
293400258
296005432
297085630
298258738
299689221
300966330
303300753
304782246
306512299
308380837
311205379
313655474
315877365
317836405
319524443
322738908
324385429
328136533
329986124
331673178
333504263
335963151
337435992
339093736
340848539
342207939
343498691
344765580
346710649
347321567
349528518
351113186
352489512
353864004
357127261
358566110
359626538
361627424
363389265
365877915
368032322
369697446
372474741
374781182
377256781
377996845
380713599
383600974
385544031
387501683
388980735
390004436
392210845
394339838
396578940
399338609
400519786
403003037
405217768
407273844
409394115
411559619
413444284
414748821
416804768
419829515
421124189
424023660
426479729
429664558
431563782
433725831
435997586
437530911
439272742
442717851
444016550
445572044
449548820
451348897
454207783
456758778
458659070
460931695
462918807
464686608
466567428
468469421
469623443
471209609
472063472
474601130
476957718
478322736
479787681
481370991
482584018
484412519
486038350
488464078
489727120
490605856
492813417
494806402
496898327
499232191
502318184
503909728
506220271
508247550
510320436
513568668
514782773
517084988
519423600
520579106
522548080
525203766
526813705
528418958
530610459
531610109
533449470
536141151
538053662
539966906
541723188
543980250
545894193
547453648
548728886
550748396
552453468
553782848
555956087
557706439
558776862
560446688
561597183
