0
15
47
94
167
289
411
563
737
864
1004
1136
1290
1410
1600
1763
1944
2142
2314
2458
2616
2838
3096
3280
3444
3612
3841
4037
4207
4384
4538
4684
4836
5034
5212
5356
5481
5615
5792
5946
6160
6341
6516
6765
6903
7062
7261
7453
7576
7801
7992
8238
8415
8580
8775
8971
9158
9298
9474
9632
9828
10003
10192
10340
10489
10644
10848
11119
11301
11505
11667
11811
11953
12116
12272
12477
12643
12871
13125
13259
13425
13578
13763
13966
14139
14370
14524
14653
14773
14985
15121
15266
15455
15600
15756
15928
16115
16281
16433
16630
16770
16966
17187
17456
17661
17844
18097
18235
18362
18590
18750
18938
19100
19383
19545
19712
19917
20137
20326
20496
20697
20900
21030
21197
21357
21551
21757
21936
22106
22270
22451
22617
22780
22911
23078
23188
23384
23606
23831
24047
24276
24425
24632
24872
25017
25173
25359
25508
25711
25913
26044
26174
26394
26547
26719
26865
27128
27338
27550
27769
27971
28134
28263
28356
28545
28718
28878
29016
29137
29316
29471
29666
29821
30032
30207
30454
30614
30799
30966
31190
31391
31535
31725
31868
32001
32235
32466
32677
32908
33093
33255
33411
33594
33813
34053
34265
34416
34557
34671
34846
35040
35248
35424
35563
35742
35999
36141
36339
36557
36732
36874
37053
37248
37424
37630
37786
37956
38127
38286
38452
38603
38815
39008
39140
39339
39494
39675
39854
40080
40272
40467
40682
40843
41031
41192
41329
41520
41732
41898
42111
42253
42392
42555
42757
42992
43183
43337
43434
43564
43709
43924
44167
44327
44518
44664
44876
45070
45233
45436
45593
45805
45944
46105
46294
46512
46679
46898
47100
47300
47510
47660
47789
47996
48165
48348
48476
48625
48788
49039
49179
49404
49573
49661
49804
49996
50159
50345
50513
50770
51038
51185
51325
51445
51635
51797
52049
52256
52408
52570
52814
53016
53183
53319
53431
53552
53662
53744
53814
53852
53889
53930
53945
53947
53956
