0
95077
304651
644616
1028748
1440541
2076654
2887632
3622909
4549240
5380614
6250891
7262480
8178987
9284547
10576459
11659426
13251306
14605950
15742999
16967670
19098938
20632956
21828863
23422494
24683833
26477949
28412388
31170414
33380738
35276544
37586933
39032167
41105190
43027629
45559272
47203174
49744491
52899191
54855796
56870661
58692707
61360037
63108586
65253247
67040949
69197193
70924398
73193877
76179492
77893462
79994656
82130304
84439934
86525235
89199280
91458110
93221657
95843631
98446696
101308552
104605358
107536762
110198131
112306400
114754004
117281824
121220829
123081859
125413572
127607841
129743698
133571631
135767191
137975327
140897397
144760029
148657801
151890794
153509829
156374784
159360606
161401724
163225513
167341080
170401658
172839495
174924449
177836052
180560023
182870170
185366956
188784348
191466373
193013222
197976224
201005910
203103408
205348025
208165617
209702013
211880278
214604757
217052096
219685765
222504555
226041627
229691700
232421950
235329489
238961825
242861554
245369215
247839130
251002277
252574680
255360474
258492749
262130576
264558405
267940939
271420199
275502325
278591834
281453361
284599310
288232215
290927704
293154657
295817003
299511190
303478844
306537200
309192471
313836497
317445558
321305368
324549217
327548651
331612929
334346659
336895525
339471198
341449559
343526746
345717697
348938416
353107925
355176656
357382699
361334573
363568756
366305249
369050954
371348633
373986207
376736312
380095296
383265665
385948796
388381851
390776988
394401743
396731328
401888330
405295417
408198813
411961077
414599061
417542798
420700663
423496432
426246054
428594896
431296712
433475487
437078444
440145315
442499689
446290115
449509083
452785540
455523780
458717408
462801952
466134641
469950296
472631280
476419729
478706278
481528296
484169262
487732097
490664956
493864254
496270595
499284123
502383800
505983454
509575051
512353631
514936006
518452353
521297817
524726965
527028501
530741054
534644766
536504022
538243896
541288169
544313209
547366503
550179066
552152730
554917057
557623455
559522312
561869873
564579815
567009948
571094338
573830196
577265986
579310000
582899326
586097810
589344384
591315090
594234574
598021416
601661096
604386551
606185795
609302349
613691264
616461064
618870579
620501218
623600261
626057292
629125005
632527084
635103722
636874325
641719992
645197509
648472124
650925461
653198597
657191901
659506372
662958042
666325704
668878237
672125167
674952829
678802257
680132479
681941004
683691444
685906667
688290918
691823087
695240821
699907354
701890029
704724541
707784292
711130935
714978887
717092057
719015564
722242278
725107434
727358815
729709760
732617003
735540651
737807043
742094172
744332632
748107915
751353176
754096976
756555222
760440843
763970676
767111864
770013132
774855969
779455907
781458388
784384653
788195111
790502981
792775208
795815989
798867706
802135888
804490233
807122999
810481614
814797502
818627549
821391711
824001373
826578984
827801813
830176193
834001013
835491853
837616221
839938672
842244991
0
0
0
0
0
0
0
0
0
0
0
0
0
0
0
0
0
0
0
0
0
0
0
0
0
0
0
0
0
0
0
0
0
0
0
0
0
0
0
0
0
0
0
0
0
0
0
0
0
0
0
0
0
0
0
0
0
0
0
0
0
0
0
0
0
0
0
0
0
0
0
0
0
0
0
0
0
0
0
0
0
0
0
0
0
0
0
0
0
0
0
0
0
0
0
0
0
0
0
0
0
0
0
0
0
0
0
0
0
0
0
0
0
0
0
0
0
0
0
0
0
0
0
0
0
0
0
0
0
0
0
0
0
0
0
0
0
0
0
0
0
0
0
0
0
0
0
0
0
0
0
0
0
0
0
0
0
0
0
0
0
0
0
0
0
0
0
0
0
0
0
0
0
0
0
0
0
0
0
0
0
0
0
0
0
0
0
0
0
0
0
0
0
0
0
0
0
0
0
0
0
0
0
0
0
0
0
0
0
0
0
0
0
0
0
0
0
0
0
0
0
0
0
0
0
0
0
0
0
0
0
0
0
0
0
0
0
0
0
0
0
0
0
0
0
0
0
0
0
0
0
0
0
0
0
0
0
0
0
0
0
0
0
0
0
0
0
0
0
0
0
0
0
0
0
0
0
0
0
0
0
0
0
0
0
0
0
0
0
0
0
0
0
0
0
0
0
0
0
0
0
0
0
0
0
0
0
0
0
0
0
0
0
0
0
0
0
0
0
0
0
0
0
0
0
0
0
0
0
0
0
0
0
0
0
0
0
0
0
0
0
0
0
0
0
0
0
0
0
0
0
0
0
0
0
0
0
0
0
0
0
0
0
0
0
0
0
0
0
0
0
0
0
0
0
0
0
0
0
0
0
0
0
0
0
0
0
0
0
0
0
0
0
0
0
0
0
0
0
0
0
0
0
0
0
0
0
0
0
0
0
0
0
0
0
0
0
0
0
0
0
0
0
0
0
0
0
0
0
0
0
0
0
0
0
0
0
0
0
0
0
0
0
0
0
0
0
0
0
0
0
0
0
0
0
0
0
0
0
0
0
0
0
0
0
0
0
0
0
0
0
0
0
0
0
0
0
0
0
0
0
0
0
0
0
0
0
0
0
0
0
0
0
0
0
0
0
0
0
0
0
0
0
0
0
0
0
0
0
0
0
0
0
0
0
0
0
0
0
0
0
0
0
0
0
0
0
0
0
0
0
0
0
0
0
0
0
0
0
0
0
0
0
0
0
0
0
0
0
0
0
0
0
0
0
0
0
0
0
0
0
0
0
0
0
0
0
0
0
0
0
0
0
0
0
0
0
0
0
0
0
0
0
0
0
0
0
0
0
0
0
0
0
0
0
0
0
0
0
0
0
0
0
0
0
0
0
0
0
0
0
0
0
0
