NaN
0.004113533502437671
0.003520359511170295
0.0034574942090285976
0.003131945056661381
0.003027087147771701
0.002862879329156895
0.0027564852547665984
0.0026506201782154066
0.0027998141617929548
0.002958347811153605
0.0031428460996823
0.0032495736363759484
0.003428098930783394
0.003534590804694981
0.0037359366655665164
0.0038807357196953816
0.003986210505644231
0.00414861946792792
0.004227116872720348
0.004263478702093996
0.004350379898374404
0.0044547967886987535
0.004642724448372701
0.004693724519974451
0.004876829512073059
0.0049515901671408
0.005093775616753715
0.005228334748669643
0.005238068652225336
0.005236962101569774
0.005363749973712743
0.005596600289533285
0.005678290845573517
0.00570131608903904
0.005798732958427096
0.005888973807665756
0.0060005166072404454
0.0060566065173872
0.006153388925990423
0.006252227301576712
0.006374679489081833
0.006412040295865964
0.0065537160711876255
0.006604006473284614
0.006556102740379184
0.006646279488168441
0.006709282975870613
0.006752430655229848
0.006814984445103866
0.006893623300797744
0.006976320428780871
0.007063870892107706
0.007195986337061672
0.007179972196623122
0.0072547183667516875
0.007341205585302985
0.007378898720175622
0.007456303170363788
0.007555219764450054
0.007655867745657824
0.007663619236018446
0.007741304313237445
0.007774144908416366
0.007836808987095982
0.007971769333818955
0.008082370175254379
0.00810273044091318
0.008148546745319849
0.008180545698543165
0.008215387213288126
0.008295439547843102
0.00836059401932816
0.008413520218764051
0.008532408870998312
0.008533524621529577
0.008571230352804441
0.008570803536674923
0.008574845222531059
0.008652810395723532
0.00870319948615441
0.008799544649150816
0.00885326098177171
0.008911774112275707
0.008935932576380498
0.009002881704661469
0.00902162805410555
0.009082455078277284
0.009096277399659068
0.00911207052247176
0.009100327791194353
0.00917389852866391
0.00918872330102746
0.009220726587397811
0.009291921825169573
0.009338456231722511
0.009398127407233838
0.009422215869296676
0.009418335893209761
0.009420353592244196
0.009477213601549529
0.009520088348178413
0.009536823178582059
0.009573270546217948
0.009610467950575663
0.009655441452652102
0.009685549529183041
0.009661657558661201
0.009665022418372736
0.009728537925844678
0.009751824951389558
0.00978705688434773
0.009838481896351394
0.009889750548038869
0.00991826579659693
0.009938305569177507
0.009975428151217406
0.009937772057711274
0.009955271999555301
0.00996935696755218
0.00998942536004235
0.01003036380127588
0.01004338902503985
0.010061367484185686
0.010094342813596075
0.010103211921493965
0.010102053207843098
0.010119152516891742
0.010128052016052632
0.01014712099380603
0.01014762272413855
0.010159991359588123
0.01019603756149686
0.010198751366053468
0.010226871834864655
0.010251169917258385
0.010294575425412626
0.010313124317586573
0.010340751294881767
0.01035227900524823
0.010358083240329033
0.010402298282929231
0.01043536362139717
0.010444139267026623
0.010455500492165848
0.010466968170318773
0.010475154563816176
0.010498361185170665
0.01051987904679322
0.010543337678048444
0.010563806729992782
0.010557366403872698
0.010580031226943778
0.010623553593541314
0.010654789616877413
0.010655593536365119
0.01066808860894666
0.010670686692387797
0.010674496678664385
0.010687013849581659
0.010724103189991
0.01074694463470571
0.01074929723853502
0.010795394001073846
0.010765357118328902
0.010784093111246305
0.010801028065996011
0.010823979896167235
0.010828136483608372
0.010841877920761498
0.01083912403086786
0.01087796892146267
0.010898888683646295
0.01088216783698592
0.010892276508180766
0.010912067987430924
0.010904616141701583
0.010905164891340415
0.01089081758416419
0.010910230176421959
0.010928033023896376
0.010942153434237795
0.010976653056927346
0.01099675524949261
0.010998377771674409
0.011038466808216792
0.011028710566472574
0.011033837877491987
0.01103344911483419
0.011034350335883984
0.011040337367935946
0.011048992050514824
0.011062875644439278
0.011054292440571727
0.011070417395252979
0.011099223549481405
0.011100539673294331
0.011103144933654021
0.011088838295618226
0.0111163218398595
0.011146718556305469
0.011130064916891351
0.011145321295153434
0.011160243091023576
0.011165710289984403
0.011166575030789739
0.011179649541093932
0.011185006053043017
0.011178235361575226
0.011172154916848157
0.01118483350582258
0.011188778230634562
0.01119280976474017
0.011206100956299632
0.011198482428136636
0.01120589268249179
0.01119486143549354
0.011199558184125187
0.01120950866232096
0.011237853307638214
0.011247792951298694
0.011233009548339454
0.01122743058440727
0.011257800284097284
0.011266222009902243
0.011275350982858177
0.011289225985651612
0.011274881928693067
0.011285351569783999
0.011288870930564899
0.011299162448477213
0.011311122980427182
0.011318407274197258
0.011324816624781131
0.011348257787193023
0.01134275631112687
0.011337800943611628
0.011333579998982173
0.011346457639663984
0.011355583182364631
0.011382078403776282
0.011381567499816893
0.011403281430719754
0.011410176466199799
0.011382243534675773
0.011385182429406063
0.011401542264738846
0.011400279774998492
0.011402900142892955
0.011413487244337439
0.01143847030999222
0.011442173733211148
0.01144037660044396
0.01144685586602799
0.011455410247038241
0.011457506965898458
0.011466470024634082
0.01148206556607807
0.011476781053271923
0.011506318344518244
0.011497104372160425
0.011506320660565887
0.011508855984876897
0.011499079447827945
0.011515762102560246
0.011525670409537772
0.011542397700712392
0.011557157512246403
0.01154526645042177
0.011540366930218756
0.011567201286342072
0.011578905733725978
0.011573417339041492
0.011589291779028727
0.011605060804038673
0.011612867977885934
0.01160547596279491
0.011596596766587324
0.011610412872952223
0.011611296917054932
0.011614796875639589
0.011603653131652533
0.01161141301827917
0.011609186062971004
0.011610119077814608
0.011609709926053303
0.011611567182672393
0.011624159625892656
0.011647413906769589
0.011640657102592034
0.011643631920699329
0.01165409617341922
0.011659137349461387
0.011650640255379667
0.011642523237831012
0.011647301671839562
0.011655090568213379
0.011663153068581001
0.011690870414644287
0.011687490851648533
0.0116988621457715
0.011700761250757391
0.011725799686398418
0.011735507150407071
0.011750807802002926
0.011780502667150515
0.0117957153048219
0.011810906173373005
0.0118426222762616
0.01186538073303126
0.011891856553778089
0.011920874909841724
0.011940363328356896
0.011970323136150138
0.01198642949694882
