0
155457
484925
920464
1572447
2377843
3136390
3924283
5064832
6171601
7382645
8876539
10297227
11901376
13892662
14981967
16963354
19244422
21273785
22850501
24968279
27210722
29323628
31964774
34192653
36186034
39327076
41552187
44098162
46329407
48349377
51168740
53125628
55643754
58663723
60683015
63525171
66198183
69614036
72148911
74616368
77891940
81289202
84193489
87836984
91756850
95478929
98958365
103490702
107069010
111081278
114767032
118673236
122002620
124964049
129084193
132518952
135975040
139927843
143739586
146475349
150432425
153965154
157857723
160823662
164556214
169180973
173532832
178229498
181596772
185372413
190278586
195211479
200651412
204558712
207861978
213576322
216843328
221745418
225517399
229683871
233443178
239890712
243978403
248337785
252276566
257314007
261647672
265606890
268383044
272685485
277838920
282492035
288244232
293163239
295853801
300837590
304715363
307149005
310069194
313343631
317574137
321704786
325610839
330268467
335706657
340038477
345707027
350580863
354684270
359910379
362967627
366810394
369072409
371872888
374617111
379878379
384409080
389607810
393196202
397155703
401921073
406231342
410942189
414590837
418301211
422859798
426711226
432420675
434876129
440016795
444375068
448677238
453899179
456950795
460825628
464949746
471222035
476203467
480230640
484469445
489444092
493360925
497512304
502648763
506666967
512228121
516602059
520310087
523395755
529403706
533079077
536179517
539570649
543418265
546607322
550887004
554928929
558971264
564768208
569360093
573198977
577567732
580769576
585003964
588242345
593040280
597093356
601213043
608215677
611747342
614712529
619817496
625637506
627998377
633469983
636323924
642145117
646148573
650158676
654652261
659900076
662913760
667736210
672285239
677241265
683043591
686368151
691209731
696302058
700339659
703251215
708994710
711793169
716290497
720607871
723862377
729233203
734461857
738468771
742653521
746510522
750631333
754680338
759873598
762049519
767973074
773613831
777622911
781628309
785429938
790227234
794888349
798923428
802229063
806215003
810957242
815403012
819299019
822994670
828195664
833100247
837192061
841690628
844998360
848634327
852519824
856930737
860504091
864314249
869641980
874762788
879334120
884174769
888722348
893197357
897907098
902981315
907669457
911531401
916126364
921698371
926268153
929281720
933171797
938412411
942230024
947880412
952070577
956802564
959545061
963844787
967686496
972179281
976412373
980004488
983825993
987735685
991680337
996606512
1000458490
1006129511
1009192985
1012934079
1017024027
1020442764
1026409154
1030531984
1036828756
1040233303
1044896180
1047351482
1051785535
1056439112
1059336290
1064513444
1068333657
1072960459
1076748864
1081580162
1086379700
1091047841
1095318852
1099252092
1104093147
1108295480
1113321400
1118388792
1122438317
1127352185
1130121576
1135468363
1140451977
1145683868
1149787123
1153311118
1157065831
1161746012
1165447923
1169645000
1174318250
1179674828
1184067937
1188761782
1191332540
1195731343
1198711855
1202581594
1205657133
1209438943
1212369623
1215591013
1218345102
1221733349
1224812697
0
0
0
0
0
0
0
0
0
0
0
0
0
0
0
0
0
0
0
0
0
0
0
0
0
0
0
0
0
0
0
0
0
0
0
0
0
0
0
0
0
0
0
0
0
0
0
0
0
0
0
0
0
0
0
0
0
0
0
0
0
0
0
0
0
0
0
0
0
0
0
0
0
0
0
0
0
0
0
0
0
0
0
0
0
0
0
0
0
0
0
0
0
0
0
0
0
0
0
0
0
0
0
0
0
0
0
0
0
0
0
0
0
0
0
0
0
0
0
0
0
0
0
0
0
0
0
0
0
0
0
0
0
0
0
0
0
0
0
0
0
0
0
0
0
0
0
0
0
0
0
0
0
0
0
0
0
0
0
0
0
0
0
0
0
0
0
0
0
0
0
0
0
0
0
0
0
0
0
0
0
0
0
0
0
0
0
0
0
0
0
0
0
0
0
0
0
0
0
0
0
0
0
0
0
0
0
0
0
0
0
0
0
0
0
0
0
0
0
0
0
0
0
0
0
0
0
0
0
0
0
0
0
0
0
0
0
0
0
0
0
0
0
0
0
0
0
0
0
0
0
0
0
0
0
0
0
0
0
0
0
0
0
0
0
0
0
0
0
0
0
0
0
0
0
0
0
0
0
0
0
0
0
0
0
0
0
0
0
0
0
0
0
0
0
0
0
0
0
0
0
0
0
0
0
0
0
0
0
0
0
0
0
0
0
0
0
0
0
0
0
0
0
0
0
0
0
0
0
0
0
0
0
0
0
0
0
0
0
0
0
0
0
0
0
0
0
0
0
0
0
0
0
0
0
0
0
0
0
0
0
0
0
0
0
0
0
0
0
0
0
0
0
0
0
0
0
0
0
0
0
0
0
0
0
0
0
0
0
0
0
0
0
0
0
0
0
0
0
0
0
0
0
0
0
0
0
0
0
0
0
0
0
0
0
0
0
0
0
0
0
0
0
0
0
0
0
0
0
0
0
0
0
0
0
0
0
0
0
0
0
0
0
0
0
0
0
0
0
0
0
0
0
0
0
0
0
0
0
0
0
0
0
0
0
0
0
0
0
0
0
0
0
0
0
0
0
0
0
0
0
0
0
0
0
0
0
0
0
0
0
0
0
