NaN
0.004126877584689702
0.004012499160923272
0.003631114076885758
0.0034379076384394476
0.003098002728894136
0.003110222381558537
0.003029862796835034
0.003246706475496664
0.003410856870808814
0.0033186443615825473
0.0033767921847977613
0.003589167260577594
0.0035638272794450395
0.0038326994866330387
0.003847976953526532
0.003970677542296609
0.004015170587498421
0.004161284842764305
0.00426741050165841
0.004364897037549532
0.004509604331288183
0.004695318118900381
0.004886978294373126
0.005047392756520533
0.005150942838147512
0.005244872105509064
0.005477555429243519
0.005655670393457674
0.005667944932947465
0.005842504674677071
0.005818644629546426
0.005992121891943986
0.00601236777488274
0.005993678345259327
0.0061422368126900165
0.0060894002911566405
0.006146544523805222
0.006221559805083654
0.006299820478438404
0.006310228220170269
0.006321570511604791
0.006373226868057893
0.006371041883380858
0.006465871939007924
0.006509604008835819
0.006571625334704507
0.006660914829702591
0.006677620739738192
0.006645869033162935
0.006722519810294989
0.0067329499102620795
0.006765152669930055
0.006960961445192783
0.007047747034791648
0.007238551981845087
0.007373655499139518
0.00748061001807059
0.007413801006885691
0.007536956984616396
0.007633329455141459
0.007746780901378715
0.007827632544666903
0.007941710455432169
0.007956433911980585
0.008038634120451069
0.008117668014780982
0.008143341073748634
0.008283779572567972
0.008307398830458735
0.008358716863385547
0.008460727974215087
0.008506987554488431
0.008525504664868799
0.008582131253247265
0.008635655945917711
0.008684037057237826
0.008665852891422313
0.00870020784144006
0.008688443869192743
0.008712494252275434
0.008856031263417124
0.008938355873475745
0.00897784993200715
0.008996741063731894
0.009039229096511281
0.009061546339930936
0.009077449517437754
0.009093569923338813
0.009107972206749903
0.009145623613390483
0.009162679762105221
0.0092206414339086
0.00928587005320578
0.009250342520106437
0.009297380636982818
0.009306064316003674
0.00929927676204586
0.009296123717079902
0.009295745885661998
0.009329298217132355
0.009284733817492728
0.009349435771011246
0.009351531990256545
0.009430986182015058
0.00947512369193268
0.00946871371719161
0.009548052451288066
0.009509317283240249
0.009537091697135038
0.009548135571000541
0.009630712311430171
0.009771245401000939
0.009773627515676876
0.00981723622920138
0.009776756555106013
0.009776371983034769
0.009828904330961407
0.009867193995892953
0.009879634472156128
0.009856575176694533
0.009932796533209174
0.009966606786609516
0.009998649993909946
0.01000239117552427
0.010038761398278181
0.010084414137108172
0.01015121592882704
0.010116910251070052
0.010199592232806642
0.010228953308543101
0.010210014558136306
0.010220526002917276
0.010206622570178785
0.010198376264264427
0.010221281244975122
0.01023631278699205
0.010214899431337425
0.01020870332426542
0.010222605258546106
0.010260986906043308
0.01028234539940938
0.010303999810531213
0.010312290493799406
0.010344275391330471
0.010350175349015433
0.010348997583354542
0.010390560868937951
0.010445713654837242
0.01046207069282493
0.010451673059952668
0.010495315812932412
0.01052105336455162
0.010504794565504986
0.010491657848565133
0.010498490290934047
0.010493561936674872
0.010553806740894461
0.010598547403075384
0.010600473578566789
0.010643400663874352
0.010629616945671154
0.010645284013861502
0.010647360335190446
0.010691357500766172
0.010690313111842884
0.010691442912562762
0.01066890653183337
0.010704762112202993
0.010694111077995328
0.01071981738547928
0.010764276624335866
0.010776413242867298
0.010833201889602533
0.0108166544742167
0.010822149053586923
0.010836975933602675
0.010809400121672204
0.01082074546647715
0.0108343175904828
0.010833821722555165
0.010843228359098537
0.010848345903412108
0.010861461411886044
0.01088652716665237
0.010878921967280611
0.010893972007162623
0.010917832334844184
0.010933375728712152
0.010918921178884735
0.010911076810370674
0.010911314161278055
0.010897993921347203
0.010902508001159026
0.010924650180180498
0.010918523171068442
0.010928363726783063
0.010940315750042399
0.010929690187823166
0.010913294400105382
0.010916401898103513
0.010942061547813402
0.010954078893143192
0.011011337700183515
0.011033975257337956
0.011036065249555551
0.011042161843834188
0.011047272182576093
0.011047483782342103
0.011058446634524169
0.011077441133975428
0.01108585134996947
0.011092925960078577
0.011100208510205928
0.011159407935134764
0.011169342689872727
0.011161760175428187
0.011196978343783904
0.011190022992424428
0.011216678763304197
0.011231372770160803
0.01123700630049957
0.011240788300168133
0.011245917820113648
0.01127225223438309
0.01127724883646528
0.011295597817890139
0.011309024102698207
0.011318153689818877
0.011312327689198313
0.011331278273125337
0.011340424543859789
0.011352602524990566
0.011353259017820992
0.011355285131172066
0.011356636433081988
0.01135395909585436
0.011365631079323861
0.011375631252680426
0.011391063181970576
0.011405744927097209
0.011391028755975184
0.011403522037669615
0.011410727320692626
0.011397520191212356
0.011396961863232335
0.01140149621064356
0.011390542615143363
0.011395638587057109
0.01140647674555116
0.011418766553047402
0.011475814646807555
0.01147443674083683
0.011480740311397333
0.011485822055746189
0.011477336312995155
0.011499727606497959
0.01151697507190679
0.011531093068570532
0.011555929987632777
0.011556365556491068
0.011559631987090925
0.011566228395311294
0.011572773184326398
0.011582796861554206
0.011580610725949536
0.011575421024966115
0.01158887880774488
0.011593150099365833
0.011578451835914159
0.011600386178416869
0.011607789543372882
0.011607571474184801
0.01160085043700496
0.011616195196379554
0.011630836008856334
0.011617938213231113
0.011629440202658197
0.011638223407651537
0.01162554058476148
0.011621193759324454
0.011621280489040457
0.011619793356858121
0.011647053134907919
0.01165074469231097
0.011645095252887934
0.01164865926401444
0.01165537882725332
0.011659570684200047
0.011641026901418942
0.01163532705088922
0.011619073922244294
0.011624103873375929
0.01162329922044558
0.011622708509689836
0.011623570945096995
0.011627396098915544
0.01161073976555537
0.011617543022540604
0.011642076694018823
0.01163409549927835
0.011646180064396154
0.011658306633672079
0.011674092684494625
0.011694002500636817
0.011710724615390267
0.011723863707450755
0.011753767876169241
0.01177246000520815
0.011816399147054856
0.011844172263536176
0.011872048423453576
0.011893693287575915
0.011913740324877945
0.011948329102846794
NaN
NaN
NaN
NaN
NaN
NaN
NaN
NaN
NaN
NaN
NaN
NaN
NaN
NaN
NaN
NaN
NaN
NaN
NaN
NaN
NaN
NaN
NaN
NaN
NaN
NaN
NaN
NaN
NaN
NaN
NaN
NaN
NaN
NaN
NaN
NaN
NaN
NaN
NaN
NaN
NaN
NaN
NaN
NaN
NaN
NaN
NaN
NaN
NaN
NaN
NaN
NaN
NaN
NaN
NaN
NaN
NaN
NaN
NaN
NaN
NaN
NaN
NaN
NaN
NaN
NaN
NaN
NaN
NaN
NaN
NaN
NaN
NaN
NaN
NaN
NaN
NaN
NaN
NaN
NaN
NaN
NaN
NaN
NaN
NaN
NaN
NaN
NaN
NaN
NaN
NaN
NaN
NaN
NaN
NaN
NaN
NaN
NaN
NaN
NaN
NaN
NaN
NaN
NaN
NaN
NaN
NaN
NaN
NaN
NaN
NaN
NaN
NaN
NaN
NaN
NaN
NaN
NaN
NaN
NaN
NaN
NaN
NaN
NaN
NaN
NaN
NaN
NaN
NaN
NaN
NaN
NaN
NaN
NaN
NaN
NaN
NaN
NaN
NaN
NaN
NaN
NaN
NaN
NaN
NaN
NaN
NaN
NaN
NaN
NaN
NaN
NaN
NaN
NaN
NaN
NaN
NaN
NaN
NaN
NaN
NaN
NaN
NaN
NaN
NaN
NaN
NaN
NaN
NaN
NaN
NaN
NaN
NaN
NaN
NaN
NaN
NaN
NaN
NaN
NaN
NaN
NaN
NaN
NaN
NaN
NaN
NaN
NaN
NaN
NaN
NaN
NaN
NaN
NaN
NaN
NaN
NaN
NaN
NaN
NaN
NaN
NaN
NaN
NaN
NaN
NaN
NaN
NaN
NaN
NaN
NaN
NaN
NaN
NaN
NaN
NaN
NaN
NaN
NaN
NaN
NaN
NaN
NaN
NaN
NaN
NaN
NaN
NaN
NaN
NaN
NaN
NaN
NaN
NaN
NaN
NaN
NaN
NaN
NaN
NaN
NaN
NaN
NaN
NaN
NaN
NaN
NaN
NaN
NaN
NaN
NaN
NaN
NaN
NaN
NaN
NaN
NaN
NaN
NaN
NaN
NaN
NaN
NaN
NaN
NaN
NaN
NaN
NaN
NaN
NaN
NaN
NaN
NaN
NaN
NaN
NaN
NaN
NaN
NaN
NaN
NaN
NaN
NaN
NaN
NaN
NaN
NaN
NaN
NaN
NaN
NaN
NaN
NaN
NaN
NaN
NaN
NaN
NaN
NaN
NaN
NaN
NaN
NaN
NaN
NaN
NaN
NaN
NaN
NaN
NaN
NaN
NaN
NaN
NaN
NaN
NaN
NaN
NaN
NaN
NaN
NaN
NaN
NaN
NaN
NaN
NaN
NaN
NaN
NaN
NaN
NaN
NaN
NaN
NaN
NaN
NaN
NaN
NaN
NaN
NaN
NaN
NaN
NaN
NaN
NaN
NaN
NaN
NaN
NaN
NaN
NaN
NaN
NaN
NaN
NaN
NaN
NaN
NaN
NaN
NaN
NaN
NaN
NaN
NaN
NaN
NaN
NaN
NaN
NaN
NaN
NaN
NaN
NaN
NaN
NaN
NaN
NaN
NaN
NaN
NaN
NaN
NaN
NaN
NaN
NaN
NaN
NaN
NaN
NaN
NaN
NaN
NaN
NaN
NaN
NaN
NaN
NaN
NaN
NaN
NaN
NaN
NaN
NaN
NaN
NaN
NaN
NaN
NaN
NaN
NaN
NaN
NaN
NaN
NaN
NaN
NaN
NaN
NaN
NaN
NaN
NaN
NaN
NaN
NaN
NaN
NaN
NaN
NaN
NaN
NaN
NaN
NaN
NaN
NaN
NaN
NaN
NaN
NaN
NaN
NaN
NaN
NaN
NaN
NaN
NaN
NaN
NaN
NaN
NaN
NaN
NaN
NaN
NaN
NaN
NaN
NaN
NaN
NaN
NaN
NaN
NaN
NaN
NaN
NaN
NaN
NaN
NaN
NaN
NaN
NaN
