0
125430
320832
667623
1014850
1499793
2185267
2829715
3617313
4473901
5321478
6120496
6975942
7842548
8780076
9746329
10985140
12071572
13550634
15483328
17008917
18889771
20568384
22839619
24160924
25701162
27235126
29259538
30990441
32231933
33533605
36002631
37969610
40043037
42445763
45090246
46804885
49043119
50991776
53940586
55917238
58032859
60229080
62895241
64922143
67263804
69562211
71305525
74983986
77694011
80295624
83208456
85649714
88358992
91886562
95048566
98106874
100750052
103849672
106776291
109902636
111999073
114486354
116903937
120551222
122745170
125616780
129073458
132822990
135128661
138820741
141136580
144189201
146722079
149877618
152187722
154147806
157186723
159023568
161358001
164193021
167788785
170732334
172334990
175720967
178254912
181677899
183743202
187412977
190456383
193369687
196564614
200943160
203520954
206864351
208576996
211639226
215816923
218539851
223082095
226313641
229603249
231758712
234827888
238747907
241657849
245537382
247482290
250265505
253859625
257597733
261115501
264239099
267032974
270603242
273754964
277356673
281366909
284941193
287772363
290982739
294341352
298009411
301896143
304492650
308524223
311546751
316142866
319579671
321352606
323654186
326166123
328800689
332901864
336595017
338827680
341739888
344255844
347007782
350228965
354272471
356580735
359398173
361841491
364462324
365976834
369444542
372226550
375176925
377853761
381255599
384696319
388174641
390377660
393629956
396699229
399912927
403390277
405647061
408390051
411048524
414771425
417525197
421672530
424243632
428256868
431853265
434830545
437603065
440071666
442906663
447250485
450969205
454576582
457102725
460336669
462832250
465827046
468942633
472357505
474616296
478519922
480428014
483230771
485235865
487670108
491297250
495257085
498390416
502468559
507431026
510037048
512739428
517353363
519897380
524692849
527603764
530607043
535787778
538193197
539970836
542078291
543928783
547373304
550931176
552685414
555725982
559090152
561273260
563913195
567746768
570162646
573866297
575849759
580632832
584152719
588631029
591726750
595384796
601974366
605744277
609118791
611835925
614821832
617346684
620656188
623997842
626124628
629459553
632572843
636127086
640245444
642535692
645406706
647831278
651662035
654389440
656764273
659548567
662251264
665912138
669001766
670805484
675030522
679461721
683826321
685882300
688677147
692047269
696157233
698400867
701943093
704414304
707286461
710058676
712540227
716192032
719107573
722864592
726633941
730732971
733029322
736242291
739411968
742318886
745782284
748402749
751239080
755208509
759025443
761600923
764687263
767246337
770934075
773162230
776098095
778714821
782193036
785650046
788722465
792288193
794985183
798005627
802942100
807215078
810051602
813823246
817206103
820164596
824724883
826870616
829517259
832939315
835292182
838037102
841747132
844575504
846870612
849912485
854025058
857383339
860967277
863730849
866725397
870255090
873469447
878291767
880238336
883374593
885303998
887992860
889979067
892374175
894267886
895078924
