0
4
17
48
59
73
112
154
177
222
274
326
378
435
476
519
541
581
622
665
725
769
858
940
993
1049
1155
1204
1264
1293
1354
1409
1452
1510
1557
1625
1703
1739
1805
1880
1969
2056
2065
2093
2191
2260
2379
2425
2445
2493
2576
2602
2682
2769
2833
2907
2931
3015
3070
3129
3162
3203
3281
3387
3429
3507
3558
3624
3673
3768
3812
3836
3915
4011
4063
4116
4159
4205
4269
4364
4420
4465
4493
4587
4624
4673
4709
4753
4854
4947
4976
5058
5147
5206
5244
5287
5347
5409
5483
5593
5645
5683
5740
5813
5876
5954
6024
6045
6077
6140
6200
6298
6361
6398
6449
6545
6621
6686
6713
6748
6825
6878
6916
6956
7046
7086
7173
7268
7319
7377
7464
7531
7550
7680
7764
7789
7808
7853
7903
7931
7961
8057
8170
8273
8329
8450
8494
8530
8547
8591
8634
8716
8755
8792
8863
8906
8954
9064
9152
9216
9264
9311
9346
9399
9460
9494
9614
9712
9779
9844
9885
9936
9956
10029
10106
10128
10168
10221
10302
10320
10371
10419
10474
10567
10654
10719
10800
10862
10922
10971
11020
11105
11140
11206
11297
11392
11444
11495
11538
11572
11625
11682
11729
11771
11864
11917
11974
12032
12106
12173
12214
12266
12331
12369
12463
12508
12548
12599
12655
12677
12725
12828
12895
12966
13037
13143
13240
13267
13355
13403
13461
13530
13626
13662
13752
13769
13877
13944
14009
14026
14131
14177
14224
14294
14365
14474
14531
14546
14587
14665
14745
14788
14898
14949
14991
15048
15115
15210
15268
15299
15382
15431
15459
15524
15619
15666
15709
15789
15837
15926
15952
16037
16061
16128
16176
16239
16357
16428
16472
16524
16568
16640
16709
16768
16847
16891
16962
16999
17025
17100
17141
17196
17239
17266
17359
17384
17439
17489
17540
17586
17662
17689
17718
17769
17791
17814
17855
17862
17917
17926
0
0
0
0
0
0
0
0
0
0
0
0
0
0
0
0
0
0
0
0
0
0
0
0
0
0
0
0
0
0
0
0
0
0
0
0
0
0
0
0
0
0
0
0
0
0
0
0
0
0
0
0
0
0
0
0
0
0
0
0
0
0
0
0
0
0
0
0
0
0
0
0
0
0
0
0
0
0
0
0
0
0
0
0
0
0
0
0
0
0
0
0
0
0
0
0
0
0
0
0
0
0
0
0
0
0
0
0
0
0
0
0
0
0
0
0
0
0
0
0
0
0
0
0
0
0
0
0
0
0
0
0
0
0
0
0
0
0
0
0
0
0
0
0
0
0
0
0
0
0
0
0
0
0
0
0
0
0
0
0
0
0
0
0
0
0
0
0
0
0
0
0
0
0
0
0
0
0
0
0
0
0
0
0
0
0
0
0
0
0
0
0
0
0
0
0
0
0
0
0
0
0
0
0
0
0
0
0
0
0
0
0
0
0
0
0
0
0
0
0
0
0
0
0
0
0
0
0
0
0
0
0
0
0
0
0
0
0
0
0
0
0
0
0
0
0
0
0
0
0
0
0
0
0
0
0
0
0
0
0
0
0
0
0
0
0
0
0
0
0
0
0
0
0
0
0
0
0
0
0
0
0
0
0
0
0
0
0
0
0
0
0
0
0
0
0
0
0
0
0
0
0
0
0
0
0
0
0
0
0
0
0
0
0
0
0
0
0
0
0
0
0
0
0
0
0
0
0
0
0
0
0
0
0
0
0
0
0
0
0
0
0
0
0
0
0
0
0
0
0
0
0
0
0
0
0
0
0
0
0
0
0
0
0
0
0
0
0
0
0
0
0
0
0
0
0
0
0
0
0
0
0
0
0
0
0
0
0
0
0
0
0
0
0
0
0
0
0
0
0
0
0
0
0
0
0
0
0
0
0
0
0
0
0
0
0
0
0
0
0
0
0
0
0
0
0
0
0
0
0
0
0
0
0
0
0
0
