NaN
0.006248214352260164
0.004730779229644032
0.004642522185359635
0.003639404468611254
0.0037797568061228378
0.0036062525607027398
0.0036630937204261056
0.0038279870735246826
0.003849019166017181
0.004065610767457697
0.004081312471925094
0.00446013634906964
0.004399758937933517
0.004249131687210137
0.004392547972380566
0.004611785110091005
0.004501283717530797
0.004784874587322251
0.004981011996394438
0.005139691511735667
0.005102203202636056
0.005034515408099558
0.005216190629719345
0.005285587546318625
0.005371124018131827
0.005637048617716167
0.005796152494695818
0.00597894316849374
0.00605523467360944
0.006063497663344422
0.006095983904700214
0.006193514395678113
0.006304432599154671
0.006255351765630101
0.00633979965973104
0.006453266703624925
0.006408069555614995
0.006476463543579202
0.006650912924359177
0.006662752364155286
0.006726255767236779
0.006785215419240954
0.00678801778319779
0.006793441551590604
0.006835814359588858
0.006744823568386198
0.006691239615442997
0.006775797468776947
0.006787045787327767
0.00701868191818955
0.0072107150243031284
0.007266984699627192
0.007354354406885012
0.007320433453454178
0.0074670064450379145
0.007573583242433319
0.007594193557241873
0.007611887391552915
0.007708161468960569
0.007788356842811188
0.007957891236445948
0.00803364840984763
0.008194920898120149
0.008339234810010806
0.008430383120472802
0.008372840502496271
0.008352073473625833
0.008403921883282426
0.008477265481323137
0.008435752267947972
0.00858655026398251
0.00859137633070367
0.008654135333565302
0.00868432986679241
0.00871300496231682
0.008838147131231622
0.008854320536290717
0.008928174800577804
0.009047793494883969
0.00902190487115136
0.009106702456358914
0.009172855627635515
0.009270263236391046
0.009359500267707602
0.00940707638386253
0.009443145695319205
0.009451431996129639
0.009436282463798447
0.009471399324289772
0.009437377765815354
0.009457667332175079
0.009438120856532017
0.009511723088556641
0.009503870006800533
0.009526342286875487
0.009611186267143274
0.009625863239749828
0.009631136256395662
0.009652339780720009
0.009646434630416504
0.009645944558912345
0.00970455261868982
0.009806630592677218
0.009877997992670967
0.009950912502350844
0.009957272820955739
0.00999650820979661
0.01000106943345962
0.01001535497588373
0.010085227387511265
0.010090698610686706
0.010125728608126407
0.01018107553702028
0.010238735763201095
0.010179530396296538
0.010228914624457264
0.01023904443527389
0.010306488289460616
0.010392991146165589
0.010377079983040093
0.010365076219760586
0.01037468952720351
0.01039717647687965
0.010422697212672012
0.01042921635989815
0.010450495401686188
0.010537503446268148
0.010600001499653731
0.010632157102215002
0.010606809530841926
0.010646462917632963
0.010607557039332598
0.01069066399630966
0.010733520025127731
0.010711887354620472
0.010765970547682559
0.010753390800428135
0.010762821375876927
0.010733853993803546
0.010751728739230009
0.010763717565901531
0.010771487570251941
0.010812435321892664
0.010840667872383067
0.010876127067277695
0.010932261029958127
0.010949368297096137
0.01093983180377124
0.01097728126634949
0.010928931866451535
0.010949610845540206
0.01096862507016275
0.01093769890075859
0.010923691219843776
0.010916009908732493
0.01090967773832193
0.010874720569884361
0.010853736062958466
0.010859880404060577
0.010921462758018918
0.010911903155179911
0.010878664235830834
0.010874182103798556
0.010903703342116954
0.010915628483246056
0.010980798279932494
0.010989855400086504
0.010994918678355987
0.011042805586912697
0.011086799340916205
0.011098384221516433
0.011078072058063314
0.011088498128880202
0.011085126622835917
0.01107784856428171
0.011039953736869246
0.0110584420886408
0.011032612309986528
0.011021069072094759
0.01102134171297001
0.011050016734034069
0.011061041776584155
0.01108584652116583
0.011127516897344545
0.011141317431790034
0.011167783447072146
0.011166068855097265
0.011189062411699261
0.011194057525961917
0.011228105415221483
0.011208365366305144
0.011213264362687953
0.011230690685768523
0.011238896943546866
0.011255121593220544
0.011292884373673453
0.011296175296412326
0.011291634998488854
0.011308070529670654
0.011290739370044182
0.01130279389705951
0.011319508140919173
0.011329084859384142
0.011331415268671563
0.011355647833194867
0.011366748177821951
0.011349450016498322
0.011375357105090302
0.011367120824514628
0.011374738048805143
0.011364377897596825
0.011352454438655828
0.01135370191526036
0.01135268364568177
0.011383176681446814
0.011389814666494443
0.011397440838943125
0.011389288819048929
0.01140374918737058
0.011384329108488824
0.011369861822364683
0.011367494104373346
0.011391214390801596
0.011408149563928625
0.011419832794497145
0.011429666986660546
0.011428451118239435
0.011452830937086458
0.011481971006109969
0.011482310489015168
0.011457529841131067
0.01146930494812399
0.011461353484218667
0.01144343265881027
0.011466197858155981
0.01144578402072267
0.011457247075043064
0.011442037521433501
0.011431233370986739
0.011445389372535423
0.011457904254341249
0.01146893962315576
0.01147596911841006
0.011490803168440682
0.011488737248002343
0.011463318025251705
0.01147730240046266
0.011451699268734064
0.011452362204981885
0.011449205802729425
0.01144681685470473
0.01143027137012364
0.011458091879228948
0.011469401062304518
0.01147424210895913
0.011469903656279019
0.011510448539672133
0.011543596793649089
0.011554444989284002
0.011525975338577191
0.011552067594717925
0.0115535904963526
0.011554819588277162
0.01156775378246978
0.011580326521832857
0.011548689328936837
0.01155300651262127
0.011547491029822592
0.0115909534244183
0.011600551392313611
0.011604213313663687
0.011591848240832777
0.01158744289336087
0.011583000050700499
0.011596683951796583
0.011632311044606929
0.011655256863725752
0.011658805204655785
0.011651776117230069
0.011696402720486032
0.011687536127910026
0.01168099241161709
0.011702811396477874
0.011685672119440731
0.011689724973305962
0.011721128254757228
0.011727726397770826
0.011729647203557693
0.0117226184784538
0.011701599937420893
0.011715479502952018
0.01173475477782885
0.011737175350043276
0.011752111025548859
0.01173800300024377
0.011726873654468126
0.011726597180732034
0.011740803721749939
0.011730308035942567
0.011710468407768964
0.011724920890519379
0.011747720429018524
0.01174951041471138
0.011798960341017755
0.011818036290532604
0.011836639430077595
0.01185988230825713
0.011859674550253494
0.011885229391952098
0.011919574853484374
0.011950334804072598
0.011963885111494862
0.01197558486383082
NaN
NaN
NaN
NaN
NaN
NaN
NaN
NaN
NaN
NaN
NaN
NaN
NaN
NaN
NaN
NaN
NaN
NaN
NaN
NaN
NaN
NaN
NaN
NaN
NaN
NaN
NaN
NaN
NaN
NaN
NaN
NaN
NaN
NaN
NaN
NaN
NaN
NaN
NaN
NaN
NaN
NaN
NaN
NaN
NaN
NaN
NaN
NaN
NaN
NaN
NaN
NaN
NaN
NaN
NaN
NaN
NaN
NaN
NaN
NaN
NaN
NaN
NaN
NaN
NaN
NaN
NaN
NaN
NaN
NaN
NaN
NaN
NaN
NaN
NaN
NaN
NaN
NaN
NaN
NaN
NaN
NaN
NaN
NaN
NaN
NaN
NaN
NaN
NaN
NaN
NaN
NaN
NaN
NaN
NaN
NaN
NaN
NaN
NaN
NaN
NaN
NaN
NaN
NaN
NaN
NaN
NaN
NaN
NaN
NaN
NaN
NaN
NaN
NaN
NaN
NaN
NaN
NaN
NaN
NaN
NaN
NaN
NaN
NaN
NaN
NaN
NaN
NaN
NaN
NaN
NaN
NaN
NaN
NaN
NaN
NaN
NaN
NaN
NaN
NaN
NaN
NaN
NaN
NaN
NaN
NaN
NaN
NaN
NaN
NaN
NaN
NaN
NaN
NaN
NaN
NaN
NaN
NaN
NaN
NaN
NaN
NaN
NaN
NaN
NaN
NaN
NaN
NaN
NaN
NaN
NaN
NaN
NaN
NaN
NaN
NaN
NaN
NaN
NaN
NaN
NaN
NaN
NaN
NaN
NaN
NaN
NaN
NaN
NaN
NaN
NaN
NaN
NaN
NaN
NaN
NaN
NaN
NaN
NaN
NaN
NaN
NaN
NaN
NaN
NaN
NaN
NaN
NaN
NaN
NaN
NaN
NaN
NaN
NaN
NaN
NaN
NaN
NaN
NaN
NaN
NaN
NaN
NaN
NaN
NaN
NaN
NaN
NaN
NaN
NaN
NaN
NaN
NaN
NaN
NaN
NaN
NaN
NaN
NaN
NaN
NaN
NaN
NaN
NaN
NaN
NaN
NaN
NaN
NaN
NaN
NaN
NaN
NaN
NaN
NaN
NaN
NaN
NaN
NaN
NaN
NaN
NaN
NaN
NaN
NaN
NaN
NaN
NaN
NaN
NaN
NaN
NaN
NaN
NaN
NaN
NaN
NaN
NaN
NaN
NaN
NaN
NaN
NaN
NaN
NaN
NaN
NaN
NaN
NaN
NaN
NaN
NaN
NaN
NaN
NaN
NaN
NaN
NaN
NaN
NaN
NaN
NaN
NaN
NaN
NaN
NaN
NaN
NaN
NaN
NaN
NaN
NaN
NaN
NaN
NaN
NaN
NaN
NaN
NaN
NaN
NaN
NaN
NaN
NaN
NaN
NaN
NaN
NaN
NaN
NaN
NaN
NaN
NaN
NaN
NaN
NaN
NaN
NaN
NaN
NaN
NaN
NaN
NaN
NaN
NaN
NaN
NaN
NaN
NaN
NaN
NaN
NaN
NaN
NaN
NaN
NaN
NaN
NaN
NaN
NaN
NaN
NaN
NaN
NaN
NaN
NaN
NaN
NaN
NaN
NaN
NaN
NaN
NaN
NaN
NaN
NaN
NaN
NaN
NaN
NaN
NaN
NaN
NaN
NaN
NaN
NaN
NaN
NaN
NaN
NaN
NaN
NaN
NaN
NaN
NaN
NaN
NaN
NaN
NaN
NaN
NaN
NaN
NaN
NaN
NaN
NaN
NaN
NaN
NaN
NaN
NaN
NaN
NaN
NaN
NaN
NaN
NaN
NaN
NaN
NaN
NaN
NaN
NaN
NaN
NaN
NaN
NaN
NaN
NaN
NaN
NaN
NaN
NaN
NaN
NaN
NaN
NaN
NaN
NaN
NaN
NaN
NaN
NaN
NaN
NaN
NaN
NaN
NaN
NaN
NaN
NaN
NaN
NaN
NaN
NaN
NaN
NaN
NaN
NaN
NaN
NaN
NaN
NaN
NaN
NaN
NaN
NaN
NaN
NaN
NaN
NaN
NaN
NaN
NaN
NaN
NaN
NaN
NaN
NaN
NaN
NaN
NaN
NaN
NaN
NaN
NaN
NaN
NaN
NaN
NaN
NaN
NaN
NaN
NaN
NaN
NaN
NaN
NaN
NaN
NaN
NaN
NaN
NaN
NaN
NaN
NaN
NaN
NaN
NaN
NaN
NaN
NaN
NaN
NaN
NaN
NaN
NaN
NaN
NaN
NaN
NaN
NaN
NaN
NaN
NaN
NaN
NaN
NaN
NaN
NaN
NaN
NaN
NaN
NaN
NaN
NaN
NaN
NaN
NaN
NaN
NaN
NaN
NaN
NaN
NaN
NaN
NaN
NaN
NaN
NaN
NaN
NaN
NaN
NaN
NaN
NaN
NaN
NaN
NaN
NaN
