0
70
216
454
852
1323
1882
2420
3083
3691
4266
4857
5449
6032
6712
7337
7935
8624
9265
9880
10529
11225
11822
12394
12995
13664
14245
14821
15334
15937
16517
17169
17782
18407
19089
19754
20325
20975
21573
22220
22851
23519
24268
24875
25485
26045
26722
27342
27945
28559
29198
29775
30466
31107
31731
32326
32992
33651
34371
34964
35599
36214
36851
37557
38156
38821
39455
40016
40631
41262
41938
42527
43125
43787
44446
44995
45668
46293
46956
47649
48225
48836
49473
50167
50829
51428
52002
52668
53216
53849
54472
55124
55724
56323
56924
57542
58250
58815
59457
60066
60727
61354
61960
62591
63231
63892
64578
65194
65853
66487
67162
67752
68366
68949
69517
70189
70795
71491
72054
72756
73372
73935
74648
75310
75979
76632
77307
77903
78587
79241
79861
80433
80946
81512
82212
82884
83525
84134
84741
85362
85976
86626
87275
88000
88567
89232
89862
90538
91190
91815
92464
93046
93649
94253
94905
95492
96060
96629
97222
97853
98529
99147
99862
100449
101176
101848
102431
102971
103583
104183
104831
105388
106024
106660
107335
107933
108615
109329
110056
110636
111234
111845
112521
113174
113807
114382
115035
115700
116247
116885
117521
118160
118726
119407
119987
120643
121339
121974
122684
123300
123868
124519
125109
125706
126284
126842
127376
128059
128729
129342
129967
130590
131268
131824
132455
133075
133817
134470
135103
135797
136427
137085
137726
138294
138870
139509
140166
140846
141433
142063
142616
143162
143761
144345
144974
145695
146312
147007
147609
148198
148755
149345
149966
150659
151455
152085
152725
153312
153958
154536
155110
155750
156400
157091
157777
158426
159109
159701
160346
161029
161600
162157
162662
163270
163927
164542
165211
165777
166518
167092
167704
168388
169049
169631
170261
170890
171490
172104
172734
173378
173991
174690
175416
176018
176660
177267
177978
178527
179185
179839
180460
181080
181720
182434
183042
183719
184327
184962
185554
186198
186796
187344
187796
188181
188462
188662
188812
188883
188930
188965
188982
188989
188989
188993
188998
