0
0
0
0
0
0
0
0
0
0
0
0
0
0
0
0
0
0
0
0
0
0
0
0
0
0
0
0
0
0
0
0
0
0
0
0
0
0
0
0
0
0
0
0
0
0
0
0
0
0
0
0
0
0
0
0
0
0
0
0
0
0
0
0
0
0
0
0
0
0
0
0
0
0
0
0
0
0
0
0
0
0
0
0
0
0
0
0
0
0
0
0
0
0
0
0
0
0
0
0
0
0
0
0
0
0
0
0
0
0
0
0
0
0
0
0
0
0
0
0
0
0
0
0
0
0
0
0
0
0
0
0
0
0
0
50738
158660
313779
620222
1034365
1482131
1936953
2509281
3001570
3525177
3983395
4555974
5254362
5857280
6882145
7798092
8165324
8924946
9736851
10718572
11365097
12355212
13101025
14233257
15357714
16047325
16851759
17646864
18848977
19526389
20242572
21452127
22674535
23762215
24431723
25350399
26698565
28215146
29526847
30572237
31666734
32966239
35395784
36831107
38280295
39807271
41969237
43216370
44675579
46591783
48656874
49871873
51643659
52662523
53603609
54851749
56035966
57434267
58606934
59839957
61862404
63187405
65288198
65805990
67438250
68784652
70326107
72002016
72665044
73392334
75580364
77102001
78334860
79926658
82738268
84548084
86910228
88499613
90149590
92137048
93889602
96121793
97391982
99249354
100411630
102919984
104061505
105064829
106461091
107582359
109349179
110809807
112529795
114070963
115598623
117501801
120421378
122970959
124649933
125980182
127835208
129718620
130954551
132847599
134779350
137360800
139059338
140693202
142670585
145642979
148062427
149162842
150468593
151709531
153417606
155442198
156690413
158099153
159317661
162211916
163159390
164887782
166114803
167903387
170126702
172397227
173374297
175970012
177532605
178678443
181679080
183576587
185799971
187148336
189768770
192015188
194318598
196393655
197894123
200575421
201474347
203154322
204716284
206075254
208948465
210644423
213245296
214345870
217121486
218916260
219852508
221244052
222766970
224497646
225476057
229133372
231156430
234065931
235445625
236870905
238728838
240495079
242472989
243591347
245029759
247124676
249645127
250847899
252581641
254681592
256440714
257376800
258262799
260169247
262208208
263302684
265025199
267176906
268815408
270914495
273554812
274966895
275992097
278274761
280452798
282479405
283919960
285789672
286763550
288398284
289742270
291411999
292849905
294964366
296934688
299255087
300546262
301595011
303386063
305344048
306657229
308664372
310436731
312215497
313547797
316482397
317920051
320576236
322365828
324462748
326342830
328114389
330200277
331835702
333173037
334580027
336932431
338501705
340793576
344182188
345082675
346031069
347960450
349964208
352009274
354477752
356020205
357150894
359426766
360500734
362206695
363237043
364654389
365666545
366890942
367522479
369754371
371157878
372661207
375412538
377044941
378700798
381079485
382952612
385115438
386892508
391327094
392578855
393875635
396166930
397994358
398945033
401659388
403626807
406447698
408147579
409917129
412762930
414157939
415028061
416807509
419258798
420734276
423070182
425058098
426924070
428043056
430549401
432724485
434352686
435446712
436748770
439313508
440999970
442660208
444922173
446372594
448240224
450103980
451654381
453081037
454897808
457025366
458719553
459708556
461744502
463447341
466108583
468364575
470600662
472281931
473886515
475692658
477089898
479044953
481164735
483253557
484886084
486913848
488751476
490032541
491860064
492937298
494654572
497009147
497890411
499522226
500984225
502246464
503905620
504650709
506319378
507497539
508063893
0
0
0
0
0
0
0
0
0
0
0
0
0
0
0
0
0
0
0
0
0
0
0
0
0
0
0
0
0
0
0
0
0
0
0
0
0
0
0
0
0
0
0
0
0
0
0
0
0
0
0
0
0
0
0
0
0
0
0
0
0
0
0
0
0
0
0
0
0
0
0
0
0
0
0
0
0
0
0
0
0
0
0
0
0
0
0
0
0
0
0
0
0
0
0
0
0
0
0
0
0
0
0
0
0
0
0
0
0
0
0
0
0
0
0
0
0
0
0
0
0
0
0
0
0
0
0
0
0
0
0
0
0
0
0
0
0
0
0
0
0
0
0
0
0
0
0
0
0
0
0
0
0
0
0
0
0
0
0
0
0
0
0
0
0
0
0
0
0
0
0
0
0
0
0
0
0
0
0
0
0
0
0
0
0
0
0
0
0
0
0
0
0
0
0
0
0
0
0
0
0
0
0
0
0
0
0
0
0
0
0
0
0
0
0
0
0
0
0
0
0
0
0
0
0
0
0
0
0
0
0
0
0
0
0
0
0
0
0
0
0
0
0
0
0
0
0
0
0
0
0
0
0
0
0
0
0
0
0
0
0
0
0
0
0
0
0
0
0
0
0
0
0
0
0
0
0
0
0
0
0
0
0
0
0
0
0
0
0
0
0
0
0
0
0
0
0
0
0
0
0
0
0
0
0
0
0
0
0
0
0
0
0
0
0
0
0
0
0
0
0
0
0
0
0
0
0
0
0
0
0
0
0
0
0
0
0
0
0
0
0
0
0
0
0
0
0
0
0
0
0
0
0
0
0
0
0
0
0
0
0
0
0
0
0
0
0
0
0
0
0
0
0
0
0
0
0
0
0
0
0
0
0
0
0
0
0
0
0
0
0
0
0
0
0
0
0
0
0
0
0
0
0
0
0
0
0
0
0
0
0
0
0
0
0
0
0
0
0
0
0
0
0
0
0
0
0
0
0
0
0
0
0
0
0
0
0
0
0
0
0
0
0
0
0
0
0
0
0
0
0
0
0
0
0
0
0
0
0
0
0
0
0
0
0
0
0
0
0
0
0
0
0
0
0
0
0
0
0
0
0
0
0
0
0
0
0
0
0
0
0
0
0
0
0
0
0
0
0
0
0
0
0
0
0
0
0
0
0
0
0
0
0
0
0
0
0
0
0
0
0
