NaN
0.005432016324901045
0.004521610906425135
0.0038827467065897406
0.003518810518442352
0.003238389432485336
0.003168583995657636
0.003332017772459983
0.003315717978203698
0.0034547553896428908
0.0034700282145721235
0.003458370956129453
0.003584500833353701
0.003680801275501781
0.003790420860069578
0.004013701689549239
0.0041144088870192505
0.004330261059603726
0.004474492068280076
0.004516624986556456
0.004538392931029874
0.004818648119665588
0.0048880739827251015
0.004864378321352218
0.004958091763352437
0.004972108513381541
0.005105251771333303
0.005271240322911728
0.005534076948555627
0.005708399505853147
0.005806023721697483
0.00594072437200101
0.005967381653260897
0.006068167304833506
0.006147630007568264
0.0063130940577172945
0.006339302159174472
0.0064757842386797175
0.006671182675770903
0.006760002437415339
0.0068514058979503726
0.006890882068393567
0.007004378503424335
0.006994106897695712
0.007056732470027366
0.007069800889487294
0.007132662666447603
0.007127372192922539
0.007178723571406027
0.007278979156806322
0.007298027336669162
0.007331666171174232
0.0073879751008302935
0.007452432411915829
0.007493886749114928
0.007591759357179371
0.007628953684037931
0.0076276911529274995
0.0076838148177301845
0.007747775468258259
0.007828037221449969
0.007921250981998716
0.007999104101928254
0.008063120078265635
0.00809124712110669
0.008135608017286276
0.008180327194026667
0.008311793266459349
0.00829936073840065
0.008332442525079026
0.0083500438891942
0.00835539009190846
0.00845020205827149
0.0084642764778656
0.008485655492064502
0.008523993526483375
0.008625018217033114
0.008741621963516494
0.008818545533224295
0.00880673919126338
0.008866509333430141
0.008919074512667593
0.008917808765400334
0.008898113520509468
0.008999876209744377
0.00905453129158387
0.009064279773521427
0.009046323162229204
0.009098202580444113
0.009136964928443132
0.009163526144973722
0.009188944770115396
0.009240227100563983
0.009266941349145054
0.009245576687236043
0.009374857792845682
0.00941403570124791
0.009401111301244587
0.009396694160635488
0.009417183661644757
0.009397013834128515
0.009421078224769357
0.009460523591730559
0.00947669646249697
0.009506648171167724
0.009525737962591006
0.009563773014399092
0.009606018682177494
0.00961411377786271
0.009632851147605943
0.009675463352325081
0.009738552396026778
0.009749454580053812
0.009751610787398933
0.009786136043885483
0.009747607115047545
0.009769899298947799
0.009809585537836936
0.009855320403553136
0.009860098056191579
0.009898221256046828
0.00994645865068096
0.010017118829822634
0.010039918518831003
0.010062722687769152
0.010096072446918158
0.010148984412802445
0.010163228720677063
0.010158831858757345
0.010161093642132106
0.010199336909930416
0.0102614972571758
0.01028019877727633
0.010293215518815188
0.010368805453169297
0.01040443594710142
0.010453662309432551
0.010480752513252967
0.010490049357431069
0.01052923537291347
0.010534289386235728
0.0105429985426724
0.010558296896118513
0.010548127159070287
0.010536624823204837
0.010511340026749064
0.01053215774568126
0.010589741041335069
0.01057593847561956
0.010568267709988576
0.010608559719752225
0.010596997678622846
0.010608628127627457
0.010626949664119277
0.010626918884190862
0.010634904007310682
0.010647475643399042
0.010668989663975408
0.010693251749568767
0.010700208883666911
0.01070328240130016
0.010691046061678125
0.010720374611154007
0.01071694552660773
0.010778129144650754
0.010796762184002997
0.010809431916663321
0.010841393355024645
0.01084808768629799
0.010862718141522183
0.010879059077082366
0.010887001363336965
0.010898105070096042
0.010900995202861606
0.010902378658796126
0.0108978970116056
0.010929105815703256
0.010936765133428067
0.010928447254479409
0.010949728658603775
0.010953538322021924
0.01095812938955074
0.01096281516777356
0.010981053566135528
0.01101645383106015
0.011039476563629944
0.011074055534629703
0.011068426543235272
0.01108967854404843
0.011085371593556895
0.011086116143036192
0.011089512017768805
0.01111299787310806
0.01112418537044662
0.011134004117646966
0.011135848674306018
0.011157082360962843
0.011174816291017686
0.011202572604709943
0.011228502879446543
0.01123378305008291
0.011229259181804377
0.011251435889572819
0.011244152424359407
0.011266891236978625
0.011258324094877111
0.011280721853196578
0.011301019267098712
0.01127920823688139
0.011255765279231039
0.011263356454060831
0.011277652584728858
0.011283821166673352
0.011280425739210046
0.011276282231818266
0.011274335076091964
0.01127428380061315
0.011264898588051124
0.011261827997316181
0.011266970349933347
0.011267831996789088
0.011297389898840023
0.011299399016734593
0.011322453529769851
0.011310297949066232
0.011330425873596603
0.011340427518389831
0.011348232120597435
0.011342695738352332
0.011343472930532133
0.011357771037759177
0.011377871732699137
0.01138100121990833
0.01136911717075627
0.011372953936015054
0.011393294246162828
0.011395926560762597
0.011389511213533161
0.011375233639053656
0.011387043967483712
0.011388808272176414
0.01139938505458148
0.0114129968573707
0.011413512663820173
0.011394435686056388
0.01142759033501048
0.0114379172141923
0.011436757717786076
0.011436879088023166
0.01142742911117301
0.011455344143103886
0.01144568381690008
0.011458979451569349
0.011464069252649022
0.01146627159539982
0.011479981813131495
0.011482137232007037
0.011500092146884156
0.011476477727226061
0.011469782186545251
0.011460396457434017
0.011460416089698255
0.011448184868898443
0.011459516253327395
0.01147790427713458
0.01151027647586766
0.011492382625751536
0.011497392526858954
0.011504071027119707
0.01151481450998569
0.011530613664041303
0.011523575564271863
0.011508395809460633
0.011515753301251734
0.011524219501956479
0.011521431212131027
0.011519656526621663
0.011527009700564141
0.011530957593399461
0.011513863039504172
0.011536578454584256
0.011527302398588886
0.011540530450618392
0.011549694241713608
0.011550566914807214
0.0115374782676032
0.011553560384870739
0.011569041681909583
0.011578444424125194
0.011582076913323334
0.011615073702123769
0.011641320876469784
0.011629883028660882
0.011636837248096193
0.011659232364008421
0.011652465691819562
0.011646893026941411
0.011649685068526915
0.011655835635756414
0.011660629111797686
0.01165645513468007
0.011659213669213788
0.011677625707882078
0.011714625050106965
0.01175087876417596
0.01177520427193688
0.01180125995997303
0.01183088594118077
0.011844535464646717
0.011873669440211253
0.011926848420722742
0.011946864159329638
0.011975649674327276
0.012007928326570882
0.01203988604758473
NaN
NaN
NaN
NaN
NaN
NaN
NaN
NaN
NaN
NaN
NaN
NaN
NaN
NaN
NaN
NaN
NaN
NaN
NaN
NaN
NaN
NaN
NaN
NaN
NaN
NaN
NaN
NaN
NaN
NaN
NaN
NaN
NaN
NaN
NaN
NaN
NaN
NaN
NaN
NaN
NaN
NaN
NaN
NaN
NaN
NaN
NaN
NaN
NaN
NaN
NaN
NaN
NaN
NaN
NaN
NaN
NaN
NaN
NaN
NaN
NaN
NaN
NaN
NaN
NaN
NaN
NaN
NaN
NaN
NaN
NaN
NaN
NaN
NaN
NaN
NaN
NaN
NaN
NaN
NaN
NaN
NaN
NaN
NaN
NaN
NaN
NaN
NaN
NaN
NaN
NaN
NaN
NaN
NaN
NaN
NaN
NaN
NaN
NaN
NaN
NaN
NaN
NaN
NaN
NaN
NaN
NaN
NaN
NaN
NaN
NaN
NaN
NaN
NaN
NaN
NaN
NaN
NaN
NaN
NaN
NaN
NaN
NaN
NaN
NaN
NaN
NaN
NaN
NaN
NaN
NaN
NaN
NaN
NaN
NaN
NaN
NaN
NaN
NaN
NaN
NaN
NaN
NaN
NaN
NaN
NaN
NaN
NaN
NaN
NaN
NaN
NaN
NaN
NaN
NaN
NaN
NaN
NaN
NaN
NaN
NaN
NaN
NaN
NaN
NaN
NaN
NaN
NaN
NaN
NaN
NaN
NaN
NaN
NaN
NaN
NaN
NaN
NaN
NaN
NaN
NaN
NaN
NaN
NaN
NaN
NaN
NaN
NaN
NaN
NaN
NaN
NaN
NaN
NaN
NaN
NaN
NaN
NaN
NaN
NaN
NaN
NaN
NaN
NaN
NaN
NaN
NaN
NaN
NaN
NaN
NaN
NaN
NaN
NaN
NaN
NaN
NaN
NaN
NaN
NaN
NaN
NaN
NaN
NaN
NaN
NaN
NaN
NaN
NaN
NaN
NaN
NaN
NaN
NaN
NaN
NaN
NaN
NaN
NaN
NaN
NaN
NaN
NaN
NaN
NaN
NaN
NaN
NaN
NaN
NaN
NaN
NaN
NaN
NaN
NaN
NaN
NaN
NaN
NaN
NaN
NaN
NaN
NaN
NaN
NaN
NaN
NaN
NaN
NaN
NaN
NaN
NaN
NaN
NaN
NaN
NaN
NaN
NaN
NaN
NaN
NaN
NaN
NaN
NaN
NaN
NaN
NaN
NaN
NaN
NaN
NaN
NaN
NaN
NaN
NaN
NaN
NaN
NaN
NaN
NaN
NaN
NaN
NaN
NaN
NaN
NaN
NaN
NaN
NaN
NaN
NaN
NaN
NaN
NaN
NaN
NaN
NaN
NaN
NaN
NaN
NaN
NaN
NaN
NaN
NaN
NaN
NaN
NaN
NaN
NaN
NaN
NaN
NaN
NaN
NaN
NaN
NaN
NaN
NaN
NaN
NaN
NaN
NaN
NaN
NaN
NaN
NaN
NaN
NaN
NaN
NaN
NaN
NaN
NaN
NaN
NaN
NaN
NaN
NaN
NaN
NaN
NaN
NaN
NaN
NaN
NaN
NaN
NaN
NaN
NaN
NaN
NaN
NaN
NaN
NaN
NaN
NaN
NaN
NaN
NaN
NaN
NaN
NaN
NaN
NaN
NaN
NaN
NaN
NaN
NaN
NaN
NaN
NaN
NaN
NaN
NaN
NaN
NaN
NaN
NaN
NaN
NaN
NaN
NaN
NaN
NaN
NaN
NaN
NaN
NaN
NaN
NaN
NaN
NaN
NaN
NaN
NaN
NaN
NaN
NaN
NaN
NaN
NaN
NaN
NaN
NaN
NaN
NaN
NaN
NaN
NaN
NaN
NaN
NaN
NaN
NaN
NaN
NaN
NaN
NaN
NaN
NaN
NaN
NaN
NaN
NaN
NaN
NaN
NaN
NaN
NaN
NaN
NaN
NaN
NaN
NaN
NaN
NaN
NaN
NaN
NaN
NaN
NaN
NaN
NaN
NaN
NaN
NaN
NaN
NaN
NaN
NaN
NaN
NaN
NaN
NaN
NaN
NaN
NaN
NaN
NaN
NaN
NaN
NaN
NaN
NaN
NaN
NaN
NaN
NaN
NaN
NaN
NaN
NaN
NaN
NaN
NaN
NaN
NaN
NaN
NaN
NaN
NaN
NaN
NaN
NaN
NaN
NaN
NaN
NaN
NaN
NaN
NaN
NaN
NaN
NaN
NaN
NaN
NaN
NaN
NaN
NaN
NaN
NaN
NaN
NaN
NaN
NaN
NaN
NaN
NaN
NaN
NaN
NaN
NaN
NaN
NaN
NaN
NaN
NaN
NaN
NaN
NaN
NaN
NaN
NaN
NaN
NaN
NaN
NaN
NaN
NaN
NaN
NaN
NaN
NaN
NaN
NaN
NaN
NaN
NaN
NaN
NaN
NaN
NaN
NaN
NaN
NaN
NaN
NaN
NaN
NaN
NaN
NaN
NaN
NaN
NaN
NaN
NaN
NaN
NaN
NaN
NaN
NaN
NaN
NaN
NaN
NaN
NaN
NaN
NaN
NaN
NaN
NaN
NaN
NaN
NaN
NaN
NaN
NaN
NaN
NaN
NaN
NaN
NaN
NaN
NaN
NaN
NaN
NaN
NaN
NaN
NaN
NaN
