NaN
0.005390635672355861
0.004646398048742786
0.0034827113207021912
0.0036771266005596725
0.0036260991399850537
0.00343915937110918
0.003598642446251797
0.003641750718865629
0.0037880099550042234
0.0038447947127455287
0.003806087505618562
0.003806361467121821
0.0037600621663367896
0.004011116832778496
0.0041993778291586105
0.004207661053292817
0.0043855493888786306
0.004357690023127309
0.004592618626921453
0.004595616988391075
0.004671555429980076
0.004899261552446254
0.00496552021685911
0.0050198143639678255
0.0052345006753053746
0.005273959222720613
0.005335304983395582
0.005339665450187737
0.005368039105212741
0.005585670426991109
0.0057726006612260185
0.005813400760291415
0.005893492675955064
0.006049992025161806
0.00605920905707405
0.0060645923122579085
0.006082713699916459
0.006198488253400822
0.006255744721189523
0.0063789802757619335
0.006558632984403779
0.0066842508435339286
0.006636472618749722
0.006626056153313448
0.0067218787708293514
0.006759484658707706
0.006846144240418393
0.006864339048995806
0.007019780926286529
0.007123557296212459
0.007145376701791667
0.007197895412621959
0.007298900743664332
0.0073117322227438265
0.007356257575717426
0.007405616701690041
0.007473657035359989
0.007484178257353715
0.007485705798307579
0.007477951365311376
0.007563783580099741
0.00757591703976097
0.007663148463896831
0.007750132224633164
0.007746243628004967
0.007877206865194995
0.007959587635813312
0.008106612950538045
0.008211351478661292
0.008231578755174985
0.008295208478047668
0.008300483987999246
0.00839061277422194
0.008450815326265489
0.008467382906373435
0.00856497285203834
0.008652284175365618
0.008649585767512997
0.00872855259269302
0.00874006500131485
0.008814970124975906
0.008821296702320154
0.008783202610395193
0.008815111793103734
0.008811620122231474
0.008839872602012909
0.008874793648596292
0.008879685196606878
0.008917185383665134
0.008955579359140885
0.00896903990815537
0.008939100369525412
0.008991810002017958
0.00896978713530098
0.008951590474852389
0.008980442807255759
0.008946340446677558
0.00897583409475075
0.009001543799677904
0.009019368479361174
0.008997148836027253
0.008987815069346048
0.009020654161311578
0.009014331760095353
0.009132129738781294
0.00911456464107244
0.009201011380037026
0.009216042419160153
0.00927002413845063
0.009310666926836401
0.009344851464474703
0.009398539709998852
0.009443861759192734
0.009508720436884575
0.009525651459294586
0.009556437921076685
0.00963013334557783
0.00969533108704507
0.009765609868379885
0.009758233245706665
0.009821805101293232
0.009910636223763506
0.009863336100288396
0.009914230091833603
0.009908544647518313
0.009972440865583335
0.009987238077999602
0.010015890274738709
0.010052100353450786
0.01011388240004917
0.010124166950409104
0.010138514253903318
0.01016598690671906
0.010147486529725074
0.010168132589712473
0.01024850270953868
0.010241510502970966
0.010286696074054627
0.01031639669721018
0.010335434913735248
0.010361675756808507
0.010374318898726592
0.010382276802634679
0.010407030015983034
0.01042451025882472
0.010489114723126051
0.010527095576121746
0.01058643706706043
0.010597932510771688
0.010627723321134985
0.010674788121669904
0.010647095116913273
0.010751421820866181
0.01078771801187892
0.010779724965968792
0.010760641482492202
0.010730432442425553
0.010730245067536864
0.010736026372099106
0.010740100582914266
0.010759744925147878
0.010761693956074526
0.010749387568557927
0.0107388295653665
0.010752868864858536
0.01076687213494502
0.010764016929207922
0.01077476568564392
0.010835357997321438
0.010862859642995853
0.010918333172267532
0.010901977287648404
0.010931284171956112
0.010970449376151693
0.01094430414678014
0.01096655445301824
0.01097910862591348
0.010958667231055253
0.01093051978642643
0.010941148792913349
0.01093753423624546
0.010916574750347323
0.010956228723825564
0.010946465584561804
0.01094922157457549
0.010952249684608015
0.010992837204390985
0.011006656646292842
0.011041319663201345
0.011062908460298285
0.011076990391453642
0.011081695789871846
0.011095062153373567
0.011144241527862083
0.011160834722691469
0.011160413034969136
0.011199793189983188
0.011192941449693346
0.011182818729934851
0.011203473871387613
0.01120108662099553
0.011198096923075275
0.011232849028322401
0.011216387138845372
0.011229474150965944
0.011222969903845087
0.011223636740999108
0.011229401267182776
0.011225325439361868
0.011235490338559657
0.011233048436643444
0.011224749046984676
0.011244777958162217
0.011257050577859388
0.011232015610127715
0.01125461004281175
0.011277601141287353
0.01129621908333617
0.011307712626602583
0.011312326406179704
0.011349012624576152
0.011359138473567204
0.011368632768635173
0.011371387027333651
0.011375714506878383
0.011386381320931116
0.011383483460570136
0.01138369748040764
0.011422701776595578
0.01141633051642166
0.01141614549985947
0.011413180736666457
0.01140043192759794
0.011421735228557927
0.011444245842926392
0.011440851949566799
0.01142537549748031
0.011417628913879816
0.011407706507747849
0.011385279116367292
0.011422224034508356
0.011403811284822216
0.011399176048991629
0.011401668779135794
0.011387756448909072
0.011395768065043966
0.011429047665371879
0.011439528164512757
0.011448349039697636
0.011475474967113325
0.011473300805839285
0.011467553494759626
0.011502533518204497
0.011514730388339008
0.011526148415500486
0.011519307544422194
0.011533439985573659
0.01152878628626906
0.011538847858158752
0.011546418282016241
0.011530118552094343
0.011531496245355452
0.01155126076568539
0.011551757404670517
0.011567029055608335
0.01154637602459329
0.011530874148967392
0.011550718838479286
0.011549853946539486
0.011553374923144602
0.011558600208331488
0.011582030875211341
0.011596773597264043
0.01156225050874443
0.011562683449577756
0.011603480187052019
0.011605568589812409
0.01159887807741865
0.011591559143694372
0.011603793166672437
0.011603191900149384
0.011614646908657338
0.011627043782907341
0.011598854286891008
0.011614668923810422
0.011629871132008595
0.011643255483248575
0.011648020438731933
0.011637502040419398
0.01161912191484812
0.011613367147933514
0.011623962799850703
0.011624097885644
0.011632924261125855
0.011628270266584457
0.011639504470675542
0.011658337820880698
0.01166148809480099
0.011678593121008815
0.011684967405887774
0.011687464090470345
0.011719979318264824
0.011721299744703212
0.011745140947181733
0.011761216382929268
0.011803419863670317
0.01183831118921375
0.011871686769255025
0.011910117543577826
0.011943653292226073
0.011994897203500388
0.012016754130164066
0.012049249410931918
0.01207475450161737
NaN
NaN
NaN
NaN
NaN
NaN
NaN
NaN
NaN
NaN
NaN
NaN
NaN
NaN
NaN
NaN
NaN
NaN
NaN
NaN
NaN
NaN
NaN
NaN
NaN
NaN
NaN
NaN
NaN
NaN
NaN
NaN
NaN
NaN
NaN
NaN
NaN
NaN
NaN
NaN
NaN
NaN
NaN
NaN
NaN
NaN
NaN
NaN
NaN
NaN
NaN
NaN
NaN
NaN
NaN
NaN
NaN
NaN
NaN
NaN
NaN
NaN
NaN
NaN
NaN
NaN
NaN
NaN
NaN
NaN
NaN
NaN
NaN
NaN
NaN
NaN
NaN
NaN
NaN
NaN
NaN
NaN
NaN
NaN
NaN
NaN
NaN
NaN
NaN
NaN
NaN
NaN
NaN
NaN
NaN
NaN
NaN
NaN
NaN
NaN
NaN
NaN
NaN
NaN
NaN
NaN
NaN
NaN
NaN
NaN
NaN
NaN
NaN
NaN
NaN
NaN
NaN
NaN
NaN
NaN
NaN
NaN
NaN
NaN
NaN
NaN
NaN
NaN
NaN
NaN
NaN
NaN
NaN
NaN
NaN
NaN
NaN
NaN
NaN
NaN
NaN
NaN
NaN
NaN
NaN
NaN
NaN
NaN
NaN
NaN
NaN
NaN
NaN
NaN
NaN
NaN
NaN
NaN
NaN
NaN
NaN
NaN
NaN
NaN
NaN
NaN
NaN
NaN
NaN
NaN
NaN
NaN
NaN
NaN
NaN
NaN
NaN
NaN
NaN
NaN
NaN
NaN
NaN
NaN
NaN
NaN
NaN
NaN
NaN
NaN
NaN
NaN
NaN
NaN
NaN
NaN
NaN
NaN
NaN
NaN
NaN
NaN
NaN
NaN
NaN
NaN
NaN
NaN
NaN
NaN
NaN
NaN
NaN
NaN
NaN
NaN
NaN
NaN
NaN
NaN
NaN
NaN
NaN
NaN
NaN
NaN
NaN
NaN
NaN
NaN
NaN
NaN
NaN
NaN
NaN
NaN
NaN
NaN
NaN
NaN
NaN
NaN
NaN
NaN
NaN
NaN
NaN
NaN
NaN
NaN
NaN
NaN
NaN
NaN
NaN
NaN
NaN
NaN
NaN
NaN
NaN
NaN
NaN
NaN
NaN
NaN
NaN
NaN
NaN
NaN
NaN
NaN
NaN
NaN
NaN
NaN
NaN
NaN
NaN
NaN
NaN
NaN
NaN
NaN
NaN
NaN
NaN
NaN
NaN
NaN
NaN
NaN
NaN
NaN
NaN
NaN
NaN
NaN
NaN
NaN
NaN
NaN
NaN
NaN
NaN
NaN
NaN
NaN
NaN
NaN
NaN
NaN
NaN
NaN
NaN
NaN
NaN
NaN
NaN
NaN
NaN
NaN
NaN
NaN
NaN
NaN
NaN
NaN
NaN
NaN
NaN
NaN
NaN
NaN
NaN
NaN
NaN
NaN
NaN
NaN
NaN
NaN
NaN
NaN
NaN
NaN
NaN
NaN
NaN
NaN
NaN
NaN
NaN
NaN
NaN
NaN
NaN
NaN
NaN
NaN
NaN
NaN
NaN
NaN
NaN
NaN
NaN
NaN
NaN
NaN
NaN
NaN
NaN
NaN
NaN
NaN
NaN
NaN
NaN
NaN
NaN
NaN
NaN
NaN
NaN
NaN
NaN
NaN
NaN
NaN
NaN
NaN
NaN
NaN
NaN
NaN
NaN
NaN
NaN
NaN
NaN
NaN
NaN
NaN
NaN
NaN
NaN
NaN
NaN
NaN
NaN
NaN
NaN
NaN
NaN
NaN
NaN
NaN
NaN
NaN
NaN
NaN
NaN
NaN
NaN
NaN
NaN
NaN
NaN
NaN
NaN
NaN
NaN
NaN
NaN
NaN
NaN
NaN
NaN
NaN
NaN
NaN
NaN
NaN
NaN
NaN
NaN
NaN
NaN
NaN
NaN
NaN
NaN
NaN
NaN
NaN
NaN
NaN
NaN
NaN
NaN
NaN
NaN
NaN
NaN
NaN
NaN
NaN
NaN
NaN
NaN
NaN
NaN
NaN
NaN
NaN
NaN
NaN
NaN
NaN
NaN
NaN
NaN
NaN
NaN
NaN
NaN
NaN
NaN
NaN
NaN
NaN
NaN
NaN
NaN
NaN
NaN
NaN
NaN
NaN
NaN
NaN
NaN
NaN
NaN
NaN
NaN
NaN
NaN
NaN
NaN
NaN
NaN
NaN
NaN
NaN
NaN
NaN
NaN
NaN
NaN
NaN
NaN
NaN
NaN
NaN
NaN
NaN
NaN
NaN
NaN
NaN
NaN
NaN
NaN
NaN
NaN
NaN
NaN
NaN
NaN
NaN
NaN
NaN
NaN
NaN
NaN
NaN
NaN
NaN
NaN
NaN
NaN
NaN
NaN
NaN
NaN
NaN
NaN
NaN
NaN
NaN
NaN
NaN
NaN
NaN
NaN
