0
128472
425262
790979
1241018
1772561
2559680
3390879
4342707
5499135
6786658
7889034
8854061
9658089
10950660
11881685
13505994
14421537
15774516
17908498
19350170
21376579
23121628
25415237
27680554
29156957
31002289
33707818
35911092
37953608
40269671
42139812
45064916
46613533
49544543
51681668
54232593
56673675
59020248
62224138
64131989
66633641
68603541
71110133
73330187
76362089
78874225
80869613
83164229
85876298
90170457
93056587
96141612
98892315
102162496
103855218
107667178
112509623
116065985
118841574
121559699
124880818
127883850
130860634
134202288
136318253
139222870
142234383
145051410
146796074
150053396
153358709
159155688
162543689
166006672
168646197
172887578
176598636
180778403
185560978
188828379
192123029
195661977
199642287
202257632
205461591
208707548
212707889
214592427
218187229
221037325
224605546
228419918
231156294
233328867
236241891
239375042
241914446
245417661
249610998
253024677
255741428
258516838
261250904
265607539
268471855
271811385
274861251
278610732
282093542
285292271
289390199
292740178
296874745
300076721
304505094
307687242
311204957
316266080
320217532
324811680
328033641
332753077
337123218
340199562
341983533
346973895
349093841
350717569
354688308
356525727
361612042
366072062
368011593
371433717
376090988
379892196
383557395
387676096
391081690
394742187
399141571
401551790
404497886
407141478
410816900
413988459
416577966
419895897
423071592
426027752
428804453
431797403
434824516
437655545
443082192
447717422
451026797
453810918
457720273
461218731
464594206
467374664
469654763
473618169
478250847
481506954
484585937
487584489
490416102
494721409
498812764
502291809
505233445
509389595
513510075
517001301
521040065
523908573
529045265
531776715
534115459
538704316
541245603
543871668
548993277
552746189
556910161
561340792
565276901
569055422
572459563
576092623
578692496
582713617
586695158
590354816
594284165
597811299
600651652
604028234
608759817
614605419
619405386
622240116
626218584
630135391
633310240
636188201
639895554
643239511
646347032
649136441
651815627
657165051
660264732
663916809
668248373
671982604
674656661
677664545
680680418
686067320
688849846
691490990
695320170
698644480
705143662
710547892
713820581
718678455
722238912
724557961
728898244
731690204
735348031
737643474
740823180
746132527
748618411
753115557
755702521
760010109
762974829
766194534
770606137
774069877
779029969
782570504
786098821
790384841
793857618
797550520
800504217
803895817
806849995
810247279
814530199
817032259
820630661
824213336
828060346
832998503
835594644
838989138
841854876
844468812
847632862
850644931
853510887
857710263
860538700
864639595
869451044
874219067
877196957
881221112
884897731
889691485
892282779
896115448
899262144
901032110
904538154
908029510
911886323
916814019
920756470
923855847
927658766
931129303
933896771
937558448
939795394
943574194
946267555
950483731
954282406
958137342
961601376
965366964
969808401
973537571
975892145
978193123
983453101
986749099
987809337
992077442
994023903
996424336
1000016385
1001943827
1003527853
1006396124
